1537793.62133,3,-0.112,0.307,9.787,4,-0.001,0.0,0.0,5,-0.244,-21.413,-20.794
1537793.64092,3,-0.117,0.312,9.778,4,-0.001,-0.0,-0.0,5,-0.244,-21.225,-20.569
1537793.6605,3,-0.112,0.312,9.775,4,-0.001,-0.0,0.001,5,-0.244,-21.375,-20.475
1537793.68008,3,-0.103,0.314,9.785,4,-0.001,0.0,0.0,5,-0.169,-21.45,-20.681
1537793.69966,3,-0.107,0.312,9.78,4,0.0,-0.0,0.0,5,-0.225,-21.656,-20.944
1537793.71924,3,-0.095,0.309,9.79,4,0.0,-0.0,0.0,5,-0.488,-21.638,-20.906
1537793.73883,3,-0.095,0.309,9.775,4,-0.001,-0.0,-0.0,5,-0.6,-21.506,-21.113
1537793.77799,3,-0.103,0.312,9.775,4,-0.001,0.0,-0.0,5,-0.713,-21.563,-21.169
1537793.79757,3,-0.105,0.312,9.787,4,0.0,-0.0,0.0,5,-0.713,-21.656,-21.431
1537793.81715,3,-0.112,0.309,9.785,4,0.0,0.0,0.0,5,-0.806,-21.563,-21.338
1537793.85632,3,-0.098,0.314,9.782,4,0.0,-0.0,0.001,5,-0.731,-21.488,-21.075
1537793.8759,3,-0.1,0.309,9.775,4,0.0,0.0,0.0,5,-0.45,-21.675,-21.225
1537793.89548,3,-0.098,0.309,9.782,4,0.0,-0.0,0.001,5,-0.3,-21.563,-21.056
1537793.91506,3,-0.103,0.309,9.78,4,-0.001,0.0,0.0,5,-0.15,-21.375,-21.15
1537793.93465,3,-0.103,0.312,9.782,4,0.0,-0.0,0.0,5,-0.056,-21.469,-21.188
1537793.95423,3,-0.103,0.319,9.78,4,0.0,0.0,-0.001,5,-0.188,-21.431,-21.15
1537793.97381,3,-0.1,0.314,9.785,4,0.0,0.0,0.0,5,-0.094,-21.281,-21.469
1537793.99339,3,-0.098,0.314,9.775,4,0.001,-0.0,0.0,5,-0.056,-21.469,-21.563
1537794.01297,3,-0.107,0.312,9.792,4,0.0,0.0,0.0,5,-0.188,-21.413,-21.506
1537794.03256,3,-0.095,0.314,9.787,4,0.0,-0.0,-0.001,5,-0.3,-21.394,-21.563
1537794.05214,3,-0.1,0.302,9.792,4,-0.0,0.0,0.0,5,-0.338,-21.3,-21.75
1537794.07172,3,-0.105,0.309,9.785,4,0.0,-0.0,0.0,5,-0.656,-21.413,-21.544
1537794.11088,3,-0.105,0.307,9.78,4,0.0,0.0,-0.001,5,-0.206,-21.525,-21.75
1537794.13047,3,-0.103,0.312,9.775,4,0.002,-0.0,0.0,5,-0.338,-21.788,-21.544
1537794.15005,3,-0.107,0.312,9.787,4,0.001,-0.0,0.0,5,-0.525,-21.638,-21.675
1537794.16963,3,-0.107,0.312,9.792,4,0.0,0.0,-0.001,5,-0.638,-21.563,-21.731
1537794.18921,3,-0.095,0.309,9.794,4,0.0,0.0,0.0,5,-0.713,-21.394,-21.675
1537794.20879,3,-0.105,0.319,9.79,4,0.0,-0.0,0.0,5,-0.713,-21.488,-21.581
1537794.22838,3,-0.105,0.307,9.792,4,0.001,-0.0,0.0,5,-0.563,-21.45,-21.581
1537794.24796,3,-0.1,0.304,9.78,4,0.002,-0.001,0.001,5,-0.619,-21.413,-21.581
1537794.26754,3,-0.1,0.312,9.782,4,0.001,-0.001,0.001,5,-0.919,-21.019,-21.525
1537794.28712,3,-0.103,0.312,9.78,4,0.001,0.0,0.0,5,-0.975,-20.756,-21.413
1537794.32629,3,-0.098,0.304,9.78,4,0.0,-0.0,0.0,5,-0.713,-20.831,-21.206
1537794.34587,3,-0.098,0.309,9.78,4,0.0,-0.0,-0.001,5,-0.75,-21.075,-21.338
1537794.38503,3,-0.1,0.307,9.787,4,-0.0,0.0,0.0,5,-0.75,-21.206,-21.3
1537794.4242,3,-0.103,0.314,9.773,4,-0.0,0.0,0.0,5,-0.694,-21.488,-21.15
1537794.44378,3,-0.093,0.312,9.78,4,0.0,-0.0,0.0,5,-0.6,-21.769,-21.056
1537794.46336,3,-0.1,0.309,9.787,4,0.001,-0.001,0.001,5,-0.563,-21.956,-21.188
1537794.48294,3,-0.1,0.312,9.78,4,0.0,-0.0,0.0,5,-0.713,-21.994,-21.375
1537794.50252,3,-0.103,0.314,9.78,4,0.0,0.0,0.0,5,-0.525,-22.05,-21.188
1537794.52211,3,-0.1,0.302,9.787,4,-0.0,-0.0,0.0,5,-0.656,-21.806,-21.056
1537794.54169,3,-0.11,0.316,9.782,4,-0.001,-0.0,0.0,5,-0.581,-22.013,-21.075
1537794.56127,3,-0.105,0.319,9.778,4,0.001,-0.0,0.0,5,-0.731,-22.106,-21.169
1537794.58085,3,-0.107,0.314,9.782,4,0.001,-0.001,-0.001,5,-0.694,-21.675,-21.356
1537794.60043,3,-0.107,0.314,9.787,4,-0.001,0.0,0.0,5,-0.6,-21.769,-21.356
1537794.62002,3,-0.1,0.307,9.778,4,-0.0,-0.001,-0.001,5,-0.6,-21.919,-21.225
1537794.6396,3,-0.091,0.312,9.79,4,0.0,-0.001,0.0,5,-0.619,-22.088,-21.113
1537794.65918,3,-0.088,0.314,9.787,4,0.0,-0.001,-0.001,5,-0.788,-21.919,-21.094
1537794.67876,3,-0.093,0.312,9.79,4,0.0,-0.0,0.0,5,-0.45,-21.994,-21.019
1537794.69834,3,-0.107,0.309,9.79,4,-0.0,0.0,-0.001,5,-0.525,-21.6,-21.094
1537794.71793,3,-0.103,0.312,9.782,4,0.0,-0.0,-0.001,5,-0.656,-21.506,-21.0
1537794.73751,3,-0.112,0.312,9.778,4,0.001,-0.001,-0.001,5,-0.938,-21.656,-20.869
1537794.75709,3,-0.105,0.307,9.792,4,0.0,-0.0,0.0,5,-1.106,-21.675,-20.831
1537794.77667,3,-0.103,0.304,9.79,4,-0.0,0.0,-0.001,5,-0.938,-21.413,-20.813
1537794.79625,3,-0.1,0.314,9.787,4,-0.0,-0.0,-0.001,5,-0.863,-21.113,-20.794
1537794.81584,3,-0.107,0.307,9.792,4,-0.0,0.0,0.0,5,-0.769,-21.113,-20.888
1537794.83542,3,-0.1,0.314,9.775,4,0.0,0.001,0.0,5,-0.713,-21.206,-20.85
1537794.855,3,-0.1,0.314,9.79,4,0.0,-0.0,-0.001,5,-0.713,-21.544,-20.756
1537794.89416,3,-0.093,0.312,9.785,4,-0.0,-0.0,-0.001,5,-0.375,-21.619,-20.456
1537794.91375,3,-0.1,0.321,9.785,4,-0.0,-0.0,0.0,5,-0.413,-21.525,-20.7
1537794.95291,3,-0.107,0.312,9.78,4,0.0,-0.0,-0.001,5,-0.506,-21.769,-20.869
1537794.97249,3,-0.095,0.309,9.79,4,-0.0,-0.0,0.0,5,-0.431,-21.694,-20.944
1537794.99207,3,-0.093,0.316,9.782,4,-0.001,0.001,0.0,5,-0.75,-21.806,-21.0
1537795.03124,3,-0.093,0.319,9.79,4,0.0,-0.0,0.001,5,-0.656,-21.619,-21.319
1537795.05082,3,-0.093,0.316,9.792,4,-0.0,0.001,0.0,5,-0.656,-21.656,-21.563
1537795.0704,3,-0.103,0.316,9.785,4,0.0,-0.0,0.001,5,-0.563,-21.694,-21.413
1537795.08998,3,-0.098,0.319,9.787,4,0.0,-0.0,0.0,5,-0.675,-21.619,-21.431
1537795.10957,3,-0.1,0.307,9.785,4,0.0,-0.0,0.0,5,-0.75,-21.638,-21.45
1537795.12915,3,-0.11,0.312,9.782,4,-0.001,0.001,0.0,5,-0.863,-21.806,-21.188
1537795.14873,3,-0.107,0.314,9.785,4,0.0,-0.001,-0.0,5,-0.638,-21.6,-21.3
1537795.16831,3,-0.098,0.316,9.787,4,-0.001,-0.0,0.0,5,-0.6,-21.6,-21.169
1537795.20748,3,-0.105,0.316,9.787,4,-0.0,0.001,0.0,5,-0.675,-21.319,-20.981
1537795.22706,3,-0.098,0.314,9.794,4,-0.001,0.001,-0.0,5,-0.544,-21.225,-20.888
1537795.24664,3,-0.1,0.312,9.778,4,-0.001,0.001,-0.0,5,-0.619,-21.3,-20.869
1537795.26622,3,-0.093,0.304,9.782,4,-0.0,-0.0,0.0,5,-0.469,-21.244,-20.794
1537795.30539,3,-0.107,0.316,9.78,4,-0.0,0.001,0.0,5,-0.581,-21.169,-20.906
1537795.32497,3,-0.107,0.316,9.775,4,-0.0,0.001,0.0,5,-0.619,-21.431,-20.794
1537795.36413,3,-0.112,0.316,9.782,4,-0.001,0.001,-0.0,5,-0.619,-21.581,-20.981
1537795.38372,3,-0.1,0.312,9.792,4,-0.0,0.001,-0.0,5,-0.506,-21.75,-21.056
1537795.4033,3,-0.095,0.307,9.785,4,-0.0,0.001,0.0,5,-0.6,-21.75,-21.113
1537795.42288,3,-0.086,0.307,9.794,4,-0.0,-0.0,0.0,5,-0.525,-21.863,-20.963
1537795.44246,3,-0.107,0.307,9.79,4,-0.0,-0.0,0.0,5,-0.488,-21.731,-21.225
1537795.46204,3,-0.095,0.307,9.78,4,0.0,-0.0,0.0,5,-0.356,-21.6,-21.413
1537795.48163,3,-0.103,0.309,9.775,4,-0.0,0.0,0.0,5,-0.356,-21.506,-21.563
1537795.50121,3,-0.105,0.307,9.787,4,-0.0,0.0,0.0,5,-0.713,-21.488,-21.675
1537795.54037,3,-0.105,0.309,9.782,4,0.001,-0.001,-0.0,5,-0.694,-21.244,-21.75
1537795.57954,3,-0.091,0.307,9.797,4,-0.0,-0.0,0.0,5,-0.675,-21.375,-21.9
1537795.59912,3,-0.105,0.312,9.787,4,-0.0,0.0,-0.0,5,-0.75,-21.638,-21.844
1537795.6187,3,-0.098,0.312,9.787,4,-0.001,0.0,0.0,5,-0.825,-22.031,-21.694
1537795.63828,3,-0.1,0.309,9.797,4,-0.001,0.0,0.0,5,-0.938,-21.9,-21.619
1537795.65786,3,-0.103,0.312,9.785,4,-0.001,0.0,0.0,5,-0.638,-21.881,-21.544
1537795.67745,3,-0.095,0.304,9.792,4,0.0,-0.0,0.0,5,-0.6,-21.788,-21.731
1537795.69703,3,-0.105,0.316,9.792,4,-0.0,-0.0,-0.0,5,-0.619,-21.9,-21.656
1537795.71661,3,-0.093,0.312,9.785,4,0.001,-0.0,0.0,5,-0.9,-21.75,-21.694
1537795.73619,3,-0.103,0.312,9.782,4,0.001,-0.001,-0.0,5,-0.956,-21.581,-21.769
1537795.75577,3,-0.105,0.309,9.78,4,-0.0,0.0,-0.0,5,-0.881,-21.544,-21.731
1537795.77536,3,-0.105,0.309,9.792,4,-0.001,0.001,0.0,5,-0.825,-21.263,-21.769
1537795.79494,3,-0.105,0.312,9.794,4,-0.001,0.0,0.0,5,-0.731,-21.45,-21.713
1537795.81452,3,-0.1,0.309,9.79,4,-0.001,0.0,-0.0,5,-0.75,-21.563,-21.563
1537795.8341,3,-0.103,0.316,9.782,4,0.001,-0.001,0.0,5,-0.994,-21.713,-21.675
1537795.85368,3,-0.1,0.314,9.782,4,-0.0,-0.0,0.0,5,-0.975,-21.694,-21.6
1537795.87327,3,-0.095,0.309,9.785,4,-0.0,0.0,0.0,5,-0.769,-21.863,-21.675
1537795.89285,3,-0.095,0.314,9.787,4,0.001,-0.001,-0.0,5,-0.656,-21.881,-21.413
1537795.91243,3,-0.093,0.312,9.787,4,-0.0,-0.0,0.0,5,-0.656,-21.938,-21.244
1537795.93201,3,-0.1,0.309,9.787,4,0.001,0.0,-0.0,5,-0.75,-21.938,-21.113
1537795.97118,3,-0.103,0.307,9.785,4,0.001,-0.0,-0.0,5,-0.881,-21.769,-21.3
1537796.01034,3,-0.103,0.309,9.785,4,-0.0,-0.0,0.0,5,-0.806,-21.938,-21.15
1537796.02992,3,-0.1,0.324,9.787,4,-0.0,-0.0,0.0,5,-0.788,-22.013,-21.169
1537796.04951,3,-0.103,0.312,9.782,4,0.001,-0.0,-0.0,5,-0.806,-22.088,-21.15
1537796.06909,3,-0.112,0.307,9.785,4,0.001,-0.001,0.0,5,-0.881,-21.788,-21.075
1537796.08867,3,-0.103,0.312,9.79,4,-0.0,0.0,-0.0,5,-1.013,-21.881,-21.075
1537796.10825,3,-0.098,0.316,9.785,4,0.001,-0.001,0.0,5,-0.919,-21.825,-21.169
1537796.12783,3,-0.11,0.309,9.78,4,0.001,-0.0,-0.0,5,-0.638,-21.863,-21.169
1537796.167,3,-0.1,0.314,9.782,4,-0.0,-0.0,-0.0,5,-0.45,-21.788,-20.869
1537796.18658,3,-0.103,0.304,9.773,4,-0.001,0.0,0.0,5,-0.619,-21.806,-20.756
1537796.20616,3,-0.095,0.309,9.785,4,0.001,-0.001,0.0,5,-0.413,-21.694,-20.681
1537796.24533,3,-0.095,0.314,9.785,4,-0.0,0.0,0.0,5,-0.281,-21.75,-20.606
1537796.26491,3,-0.095,0.314,9.794,4,-0.0,0.0,0.0,5,0.019,-21.581,-20.438
1537796.28449,3,-0.1,0.309,9.79,4,-0.0,-0.0,0.0,5,-0.038,-21.769,-20.288
1537796.30407,3,-0.1,0.307,9.78,4,-0.001,0.0,0.0,5,-0.356,-21.656,-20.231
1537796.32366,3,-0.103,0.314,9.787,4,-0.0,-0.0,0.0,5,-0.356,-21.506,-20.288
1537796.34324,3,-0.095,0.314,9.79,4,-0.001,0.0,0.0,5,-0.563,-21.525,-20.306
1537796.36282,3,-0.098,0.321,9.782,4,0.0,-0.0,-0.0,5,-0.413,-21.206,-20.4
1537796.3824,3,-0.098,0.316,9.785,4,0.0,-0.001,-0.0,5,-0.713,-21.169,-20.569
1537796.40198,3,-0.098,0.314,9.775,4,0.0,-0.001,-0.0,5,-0.844,-21.244,-20.831
1537796.42157,3,-0.103,0.312,9.782,4,0.0,-0.0,0.0,5,-0.919,-21.131,-21.225
1537796.44115,3,-0.11,0.312,9.787,4,0.0,-0.0,0.0,5,-1.069,-20.963,-21.338
1537796.46073,3,-0.103,0.309,9.79,4,-0.001,0.001,0.0,5,-0.975,-21.15,-21.338
1537796.48031,3,-0.105,0.312,9.79,4,0.0,-0.0,-0.0,5,-1.069,-21.3,-21.506
1537796.51948,3,-0.095,0.302,9.787,4,-0.0,-0.0,0.0,5,-1.088,-21.656,-21.619
1537796.53906,3,-0.117,0.314,9.785,4,-0.001,-0.0,0.0,5,-0.975,-21.694,-21.788
1537796.55864,3,-0.103,0.309,9.78,4,-0.0,0.001,-0.0,5,-0.9,-21.619,-21.844
1537796.57822,3,-0.098,0.312,9.79,4,-0.0,0.001,0.0,5,-0.788,-21.919,-21.675
1537796.5978,3,-0.095,0.319,9.782,4,-0.0,-0.0,-0.0,5,-0.675,-22.088,-21.75
1537796.61739,3,-0.1,0.304,9.787,4,0.0,-0.0,0.0,5,-0.6,-22.069,-21.675
1537796.63697,3,-0.095,0.314,9.792,4,-0.0,-0.0,0.0,5,-0.6,-21.919,-21.413
1537796.65655,3,-0.098,0.302,9.782,4,0.001,-0.001,0.0,5,-0.788,-22.106,-21.356
1537796.69572,3,-0.1,0.316,9.792,4,0.0,-0.0,0.0,5,-0.694,-21.956,-20.925
1537796.7153,3,-0.095,0.314,9.787,4,-0.0,0.001,0.0,5,-0.731,-22.106,-20.925
1537796.73488,3,-0.107,0.297,9.787,4,-0.001,0.001,0.0,5,-0.956,-21.919,-20.925
1537796.75446,3,-0.1,0.312,9.79,4,-0.0,0.001,0.0,5,-0.956,-21.881,-20.981
1537796.77404,3,-0.093,0.304,9.79,4,-0.001,0.001,0.0,5,-0.881,-21.675,-20.963
1537796.79363,3,-0.098,0.312,9.782,4,0.0,-0.0,0.0,5,-0.788,-21.581,-21.319
1537796.83279,3,-0.1,0.307,9.792,4,-0.0,0.001,0.0,5,-0.638,-21.506,-21.169
1537796.85237,3,-0.107,0.314,9.797,4,0.0,-0.001,0.0,5,-0.488,-21.375,-21.45
1537796.87195,3,-0.1,0.307,9.79,4,0.0,-0.001,0.0,5,-0.375,-21.3,-21.525
1537796.89154,3,-0.107,0.309,9.79,4,-0.0,0.001,-0.0,5,-0.544,-21.525,-21.563
1537796.91112,3,-0.107,0.309,9.792,4,-0.0,-0.0,0.0,5,-0.769,-21.525,-21.469
1537796.9307,3,-0.11,0.312,9.794,4,0.0,-0.0,-0.0,5,-1.069,-21.581,-21.525
1537796.95028,3,-0.103,0.312,9.79,4,-0.0,-0.0,-0.0,5,-0.975,-21.731,-21.206
1537796.96986,3,-0.098,0.319,9.787,4,0.0,-0.0,-0.0,5,-1.313,-21.675,-21.15
1537796.98945,3,-0.091,0.309,9.79,4,-0.001,0.001,0.0,5,-1.35,-21.488,-21.206
1537797.00903,3,-0.095,0.312,9.792,4,0.0,-0.001,0.0,5,-1.444,-21.675,-21.169
1537797.02861,3,-0.095,0.309,9.787,4,-0.0,-0.0,0.0,5,-1.444,-21.731,-21.075
1537797.04819,3,-0.105,0.309,9.794,4,0.0,-0.001,0.0,5,-1.069,-21.638,-21.113
1537797.06778,3,-0.107,0.309,9.79,4,-0.0,0.0,-0.0,5,-0.9,-21.581,-20.963
1537797.12652,3,-0.098,0.307,9.785,4,-0.0,0.0,-0.0,5,-0.975,-21.75,-21.131
1537797.16569,3,-0.098,0.307,9.79,4,-0.0,-0.0,0.0,5,-0.338,-21.788,-21.131
1537797.20485,3,-0.105,0.314,9.797,4,-0.0,-0.0,-0.0,5,-0.394,-21.694,-21.131
1537797.22443,3,-0.093,0.3,9.79,4,-0.0,0.0,0.0,5,-0.544,-21.788,-21.131
1537797.24401,3,-0.095,0.309,9.794,4,0.0,-0.001,0.0,5,-0.506,-21.581,-21.244
1537797.28318,3,-0.105,0.304,9.794,4,-0.0,-0.0,-0.0,5,-0.619,-21.356,-21.169
1537797.30276,3,-0.107,0.309,9.792,4,-0.0,0.0,0.0,5,-0.863,-21.431,-21.131
1537797.32234,3,-0.11,0.314,9.785,4,0.0,-0.001,0.0,5,-0.863,-21.338,-21.319
1537797.34193,3,-0.1,0.316,9.792,4,0.0,-0.0,0.0,5,-0.863,-21.394,-21.263
1537797.36151,3,-0.107,0.307,9.787,4,-0.0,-0.0,-0.0,5,-1.013,-21.413,-21.15
1537797.38109,3,-0.095,0.309,9.792,4,-0.0,0.0,0.0,5,-1.05,-21.356,-20.869
1537797.40067,3,-0.095,0.307,9.794,4,-0.0,0.0,0.0,5,-0.919,-21.488,-20.963
1537797.42025,3,-0.105,0.314,9.797,4,-0.001,-0.0,-0.0,5,-0.75,-21.563,-20.944
1537797.45942,3,-0.112,0.307,9.792,4,0.0,-0.001,-0.0,5,-0.769,-21.675,-21.319
1537797.479,3,-0.112,0.302,9.782,4,-0.0,-0.0,0.0,5,-0.731,-21.6,-21.244
1537797.49858,3,-0.11,0.309,9.799,4,0.0,0.0,0.0,5,-0.806,-21.619,-21.281
1537797.51816,3,-0.105,0.319,9.79,4,-0.0,-0.0,0.0,5,-0.488,-21.806,-21.413
1537797.53775,3,-0.098,0.319,9.792,4,-0.001,0.001,0.0,5,-0.488,-21.713,-21.694
1537797.55733,3,-0.091,0.302,9.794,4,-0.001,0.001,0.0,5,-0.525,-21.769,-21.563
1537797.57691,3,-0.11,0.307,9.787,4,-0.001,0.001,0.0,5,-0.694,-21.656,-21.525
1537797.59649,3,-0.11,0.304,9.792,4,-0.001,0.001,0.0,5,-0.844,-21.713,-21.244
1537797.61608,3,-0.103,0.312,9.792,4,0.0,0.001,-0.0,5,-0.619,-21.675,-21.094
1537797.65524,3,-0.1,0.302,9.782,4,-0.0,-0.0,0.0,5,-0.469,-21.863,-21.244
1537797.67482,3,-0.098,0.316,9.778,4,-0.0,-0.0,0.0,5,-0.675,-21.75,-21.131
1537797.6944,3,-0.1,0.312,9.785,4,-0.0,0.001,0.0,5,-0.563,-21.731,-21.206
1537797.73357,3,-0.11,0.309,9.79,4,-0.0,-0.0,-0.0,5,-0.731,-22.031,-21.244
1537797.77273,3,-0.103,0.309,9.794,4,-0.0,-0.001,0.001,5,-0.638,-22.013,-21.619
1537797.79231,3,-0.1,0.302,9.79,4,-0.001,-0.0,-0.0,5,-0.844,-22.219,-21.581
1537797.8119,3,-0.1,0.302,9.787,4,0.001,-0.0,0.0,5,-0.788,-22.069,-21.319
1537797.85106,3,-0.105,0.307,9.787,4,-0.0,-0.0,0.0,5,-0.694,-21.956,-21.225
1537797.87064,3,-0.107,0.304,9.792,4,-0.0,-0.0,-0.0,5,-0.619,-21.825,-21.281
1537797.90981,3,-0.1,0.321,9.787,4,0.001,-0.001,0.0,5,-0.656,-21.413,-21.094
1537797.92939,3,-0.1,0.307,9.785,4,-0.0,-0.0,-0.0,5,-0.656,-21.375,-20.85
1537797.94897,3,-0.105,0.312,9.792,4,0.001,-0.0,-0.0,5,-0.638,-21.263,-21.075
1537797.98814,3,-0.105,0.316,9.79,4,0.001,-0.0,0.0,5,-0.769,-21.169,-21.394
1537798.00772,3,-0.105,0.312,9.797,4,0.0,0.0,0.0,5,-0.75,-21.056,-21.338
1537798.04688,3,-0.103,0.302,9.785,4,0.001,-0.0,0.0,5,-0.9,-20.981,-21.394
1537798.10563,3,-0.1,0.309,9.79,4,0.002,-0.001,0.0,5,-0.938,-21.0,-21.413
1537798.16438,3,-0.093,0.314,9.787,4,0.001,-0.0,0.0,5,-1.181,-21.281,-21.563
1537798.18396,3,-0.098,0.314,9.787,4,0.001,-0.0,0.0,5,-1.219,-21.375,-21.656
1537798.22312,3,-0.107,0.312,9.797,4,0.001,-0.0,0.001,5,-1.256,-21.375,-21.525
1537798.2427,3,-0.103,0.314,9.794,4,-0.0,-0.001,-0.0,5,-1.35,-21.225,-21.619
1537798.26229,3,-0.105,0.304,9.792,4,-0.0,-0.0,0.0,5,-1.5,-21.3,-21.656
1537798.28187,3,-0.105,0.312,9.787,4,0.0,-0.0,0.0,5,-1.463,-21.45,-21.938
1537798.32103,3,-0.095,0.307,9.799,4,-0.0,-0.0,-0.0,5,-1.331,-21.6,-21.769
1537798.3602,3,-0.107,0.312,9.785,4,0.0,-0.001,-0.0,5,-1.238,-21.6,-21.994
1537798.39936,3,-0.1,0.312,9.787,4,0.0,-0.0,0.0,5,-0.994,-21.731,-21.581
1537798.41894,3,-0.103,0.302,9.799,4,0.001,-0.001,0.0,5,-0.956,-21.544,-21.488
1537798.43853,3,-0.112,0.312,9.787,4,0.002,-0.001,-0.0,5,-1.069,-21.6,-21.413
1537798.47769,3,-0.112,0.309,9.792,4,-0.0,-0.0,0.0,5,-1.088,-21.413,-21.356
1537798.49727,3,-0.11,0.314,9.787,4,0.0,-0.0,-0.0,5,-1.106,-21.544,-21.338
1537798.51685,3,-0.103,0.307,9.797,4,-0.0,-0.0,0.0,5,-1.425,-21.394,-21.094
1537798.53644,3,-0.103,0.314,9.787,4,0.0,-0.001,0.0,5,-1.331,-21.45,-21.319
1537798.55602,3,-0.105,0.312,9.787,4,0.0,-0.001,0.0,5,-1.481,-21.45,-21.394
1537798.59518,3,-0.105,0.314,9.785,4,-0.0,0.001,0.0,5,-1.256,-21.45,-21.338
1537798.61477,3,-0.103,0.309,9.804,4,0.0,0.001,0.0,5,-1.088,-21.619,-21.319
1537798.63435,3,-0.107,0.307,9.792,4,-0.0,0.0,-0.0,5,-1.313,-21.713,-21.225
1537798.65393,3,-0.095,0.309,9.792,4,0.0,0.0,-0.0,5,-1.313,-21.563,-21.094
1537798.67351,3,-0.1,0.302,9.785,4,-0.001,0.0,0.0,5,-1.275,-21.563,-21.15
1537798.69309,3,-0.105,0.316,9.785,4,0.0,0.0,-0.0,5,-1.538,-21.488,-20.906
1537798.71268,3,-0.098,0.307,9.806,4,0.0,-0.001,-0.0,5,-1.369,-21.563,-21.131
1537798.73226,3,-0.1,0.312,9.785,4,-0.001,0.0,0.0,5,-1.406,-21.375,-20.813
1537798.75184,3,-0.095,0.319,9.794,4,-0.001,0.0,-0.0,5,-1.5,-21.563,-21.038
1537798.77142,3,-0.093,0.319,9.797,4,0.0,0.0,-0.0,5,-1.744,-21.263,-21.15
1537798.81059,3,-0.098,0.304,9.792,4,-0.001,0.0,0.0,5,-1.406,-21.075,-21.225
1537798.83017,3,-0.103,0.307,9.794,4,0.0,0.0,0.0,5,-1.2,-21.15,-21.375
1537798.84975,3,-0.1,0.319,9.787,4,-0.001,0.0,-0.0,5,-1.125,-21.131,-21.394
1537798.86933,3,-0.105,0.309,9.79,4,-0.001,-0.0,-0.0,5,-1.275,-21.094,-21.206
1537798.9085,3,-0.107,0.304,9.797,4,0.0,0.0,0.0,5,-0.975,-21.319,-21.375
1537798.94766,3,-0.105,0.307,9.792,4,0.0,0.0,-0.0,5,-0.6,-21.488,-21.469
1537798.96724,3,-0.098,0.309,9.79,4,0.0,0.001,0.0,5,-0.806,-21.506,-21.619
1537799.02599,3,-0.1,0.302,9.782,4,0.0,-0.0,0.0,5,-0.825,-21.375,-21.6
1537799.04557,3,-0.093,0.304,9.794,4,0.0,0.0,0.0,5,-0.75,-21.056,-21.806
1537799.06516,3,-0.1,0.314,9.792,4,-0.0,0.0,-0.0,5,-0.694,-20.794,-21.788
1537799.10432,3,-0.107,0.307,9.792,4,0.0,0.001,0.0,5,-0.694,-20.888,-21.788
1537799.14348,3,-0.103,0.304,9.799,4,0.0,0.001,0.0,5,-0.656,-21.131,-21.375
1537799.18265,3,-0.1,0.314,9.794,4,0.0,0.0,0.0,5,-0.413,-21.206,-21.769
1537799.20223,3,-0.093,0.319,9.794,4,0.0,0.0,0.0,5,-0.525,-21.469,-21.656
1537799.22181,3,-0.093,0.316,9.792,4,-0.002,0.001,0.0,5,-0.525,-21.281,-21.806
1537799.24139,3,-0.103,0.314,9.792,4,-0.0,0.0,-0.0,5,-0.731,-21.506,-21.656
1537799.26098,3,-0.107,0.314,9.787,4,0.0,0.0,-0.0,5,-0.731,-21.319,-21.788
1537799.28056,3,-0.098,0.316,9.79,4,-0.0,0.0,0.0,5,-0.713,-21.394,-21.9
1537799.31972,3,-0.093,0.312,9.79,4,0.001,-0.001,0.0,5,-0.9,-21.206,-21.675
1537799.33931,3,-0.095,0.307,9.799,4,0.001,-0.001,0.0,5,-1.013,-21.506,-21.375
1537799.35889,3,-0.095,0.309,9.804,4,0.001,-0.001,0.0,5,-1.144,-21.375,-21.375
1537799.37847,3,-0.105,0.312,9.797,4,-0.0,-0.001,-0.0,5,-1.125,-21.413,-21.169
1537799.39805,3,-0.091,0.312,9.792,4,-0.001,0.001,-0.0,5,-0.994,-21.413,-21.3
1537799.41763,3,-0.107,0.314,9.794,4,-0.002,0.001,0.0,5,-1.181,-21.506,-21.356
1537799.4568,3,-0.088,0.319,9.792,4,-0.0,0.0,0.0,5,-1.181,-21.469,-21.169
1537799.47638,3,-0.107,0.314,9.797,4,0.0,-0.001,-0.0,5,-1.2,-21.581,-21.188
1537799.51555,3,-0.093,0.312,9.794,4,0.001,-0.001,-0.0,5,-0.844,-21.394,-21.038
1537799.53513,3,-0.098,0.316,9.804,4,0.0,-0.001,0.0,5,-0.769,-21.544,-21.056
1537799.55471,3,-0.105,0.309,9.794,4,-0.0,0.0,0.0,5,-0.881,-21.656,-21.169
1537799.57429,3,-0.091,0.316,9.792,4,-0.001,0.001,-0.0,5,-0.919,-21.581,-21.188
1537799.59387,3,-0.103,0.307,9.799,4,-0.001,0.001,0.0,5,-0.844,-21.788,-21.206
1537799.61346,3,-0.105,0.316,9.797,4,-0.001,0.001,-0.0,5,-0.731,-21.806,-21.281
1537799.63304,3,-0.093,0.312,9.794,4,-0.0,0.001,-0.0,5,-0.544,-21.563,-21.431
1537799.65262,3,-0.095,0.319,9.802,4,0.0,0.0,0.0,5,-0.694,-21.881,-21.563
1537799.69179,3,-0.103,0.312,9.797,4,0.0,-0.001,-0.0,5,-0.581,-21.506,-21.769
1537799.71137,3,-0.098,0.321,9.792,4,-0.002,0.001,0.0,5,-0.6,-21.488,-21.563
1537799.73095,3,-0.1,0.314,9.799,4,-0.001,0.001,-0.0,5,-0.544,-21.544,-21.713
1537799.75053,3,-0.093,0.312,9.797,4,-0.0,0.001,-0.0,5,-0.675,-21.356,-21.994
1537799.77011,3,-0.103,0.316,9.797,4,-0.0,0.0,0.0,5,-0.825,-21.469,-21.881
1537799.7897,3,-0.1,0.307,9.794,4,-0.0,0.0,0.0,5,-0.956,-21.525,-22.013
1537799.80928,3,-0.105,0.319,9.797,4,-0.001,0.001,0.0,5,-0.919,-21.45,-22.031
1537799.82886,3,-0.091,0.312,9.794,4,0.0,0.0,0.0,5,-1.125,-21.694,-22.106
1537799.84844,3,-0.091,0.309,9.802,4,0.0,0.0,-0.0,5,-1.406,-21.788,-21.919
1537799.86802,3,-0.105,0.312,9.797,4,0.001,-0.001,0.0,5,-1.181,-21.731,-21.881
1537799.88761,3,-0.098,0.316,9.802,4,0.0,-0.001,-0.0,5,-1.163,-21.75,-21.713
1537799.90719,3,-0.103,0.307,9.802,4,-0.0,0.0,-0.0,5,-0.844,-22.031,-21.431
1537799.92677,3,-0.095,0.321,9.804,4,-0.0,0.0,0.0,5,-0.713,-21.75,-21.469
1537799.94635,3,-0.11,0.316,9.797,4,-0.001,0.001,-0.0,5,-0.713,-21.938,-21.281
1537800.04426,3,-0.1,0.314,9.806,4,-0.0,0.0,0.0,5,-0.469,-21.694,-21.431
1537800.06385,3,-0.095,0.312,9.792,4,-0.0,0.0,0.0,5,-0.469,-21.506,-21.375
1537800.08343,3,-0.103,0.312,9.787,4,0.0,-0.001,0.0,5,-0.694,-21.319,-21.6
1537800.12259,3,-0.093,0.324,9.799,4,0.0,-0.001,0.0,5,-0.975,-21.131,-21.469
1537800.16176,3,-0.095,0.302,9.799,4,-0.0,-0.0,0.0,5,-1.294,-21.375,-21.263
1537800.18134,3,-0.095,0.321,9.797,4,0.0,-0.0,0.0,5,-1.2,-21.094,-21.038
1537800.20092,3,-0.1,0.314,9.799,4,0.0,-0.0,0.0,5,-1.256,-21.244,-21.244
1537800.2205,3,-0.1,0.309,9.797,4,0.0,-0.0,0.0,5,-1.256,-21.469,-21.206
1537800.25967,3,-0.105,0.304,9.799,4,0.0,-0.0,0.0,5,-1.65,-21.431,-21.244
1537800.29883,3,-0.105,0.312,9.799,4,-0.0,-0.0,0.0,5,-1.744,-21.581,-21.675
1537800.338,3,-0.093,0.312,9.802,4,-0.0,0.001,0.0,5,-1.669,-21.75,-21.825
1537800.35758,3,-0.098,0.312,9.794,4,-0.0,0.001,0.0,5,-1.669,-21.563,-21.694
1537800.39674,3,-0.098,0.319,9.802,4,0.0,-0.0,0.0,5,-1.594,-21.206,-21.788
1537800.41633,3,-0.105,0.312,9.802,4,-0.001,-0.0,-0.0,5,-1.125,-21.206,-21.731
1537800.43591,3,-0.098,0.307,9.797,4,0.0,-0.0,-0.0,5,-0.9,-21.169,-21.731
1537800.45549,3,-0.095,0.304,9.79,4,0.0,-0.0,0.0,5,-0.769,-21.169,-21.638
1537800.47507,3,-0.103,0.307,9.794,4,-0.0,-0.0,0.0,5,-0.844,-21.188,-21.431
1537800.49466,3,-0.098,0.312,9.797,4,0.0,0.001,0.0,5,-0.788,-21.131,-21.431
1537800.51424,3,-0.083,0.316,9.797,4,-0.0,0.001,-0.0,5,-0.863,-21.206,-21.544
1537800.53382,3,-0.11,0.314,9.794,4,-0.001,0.001,-0.0,5,-0.506,-21.563,-21.713
1537800.5534,3,-0.103,0.307,9.797,4,-0.002,0.002,0.0,5,-0.619,-21.581,-21.731
1537800.57298,3,-0.1,0.307,9.799,4,0.0,0.001,-0.0,5,-0.844,-21.431,-21.619
1537800.59257,3,-0.11,0.316,9.794,4,-0.001,-0.0,0.0,5,-0.975,-21.431,-21.525
1537800.61215,3,-0.091,0.312,9.802,4,0.0,-0.0,-0.0,5,-1.013,-21.525,-21.431
1537800.63173,3,-0.098,0.307,9.804,4,0.0,-0.001,0.001,5,-0.881,-21.431,-21.9
1537800.65131,3,-0.103,0.3,9.802,4,-0.0,0.001,0.0,5,-1.069,-21.3,-21.938
1537800.6709,3,-0.091,0.312,9.809,4,0.0,-0.0,-0.0,5,-0.938,-21.394,-21.844
1537800.69048,3,-0.103,0.312,9.794,4,0.0,-0.001,-0.0,5,-1.219,-21.113,-21.75
1537800.71006,3,-0.105,0.309,9.809,4,-0.001,0.001,-0.0,5,-0.975,-21.113,-21.75
1537800.72964,3,-0.098,0.312,9.794,4,-0.001,0.001,-0.0,5,-1.088,-21.225,-21.638
1537800.74922,3,-0.095,0.314,9.799,4,-0.001,0.002,-0.0,5,-0.938,-21.244,-21.525
1537800.76881,3,-0.095,0.307,9.792,4,-0.0,0.001,-0.0,5,-0.825,-21.206,-21.769
1537800.78839,3,-0.103,0.312,9.802,4,0.0,-0.0,-0.0,5,-0.788,-21.281,-21.375
1537800.80797,3,-0.105,0.309,9.802,4,-0.0,-0.0,-0.0,5,-0.806,-21.3,-21.3
1537800.82755,3,-0.098,0.314,9.806,4,0.0,-0.0,-0.0,5,-0.919,-21.469,-21.375
1537800.84714,3,-0.1,0.307,9.804,4,0.001,-0.001,-0.0,5,-1.05,-21.506,-21.281
1537800.86672,3,-0.103,0.314,9.797,4,0.001,-0.001,0.0,5,-1.181,-21.431,-21.394
1537800.92546,3,-0.095,0.307,9.806,4,0.0,-0.0,0.0,5,-1.275,-21.619,-21.488
1537800.94505,3,-0.107,0.304,9.802,4,-0.0,0.0,0.0,5,-1.706,-21.713,-21.488
1537800.98421,3,-0.103,0.309,9.806,4,-0.0,0.0,-0.0,5,-1.688,-21.788,-21.469
1537801.00379,3,-0.098,0.309,9.794,4,-0.0,-0.0,0.0,5,-1.763,-21.675,-21.3
1537801.02338,3,-0.1,0.316,9.811,4,-0.0,-0.0,-0.0,5,-1.631,-21.956,-21.394
1537801.04296,3,-0.098,0.307,9.811,4,-0.001,-0.0,-0.0,5,-1.65,-22.125,-21.225
1537801.06254,3,-0.1,0.309,9.804,4,0.0,-0.001,0.0,5,-1.5,-22.275,-21.356
1537801.08212,3,-0.1,0.307,9.802,4,0.001,-0.001,0.0,5,-1.369,-22.294,-21.319
1537801.1017,3,-0.098,0.309,9.806,4,0.002,-0.001,0.0,5,-1.444,-22.275,-21.394
1537801.12129,3,-0.1,0.319,9.802,4,0.001,-0.0,-0.0,5,-1.163,-22.238,-21.169
1537801.16045,3,-0.098,0.312,9.804,4,0.001,-0.001,0.0,5,-0.919,-22.256,-21.581
1537801.18003,3,-0.1,0.312,9.806,4,-0.0,0.0,-0.0,5,-0.806,-22.05,-21.506
1537801.2192,3,-0.1,0.312,9.802,4,-0.001,0.0,0.0,5,-0.806,-21.731,-21.769
1537801.23878,3,-0.1,0.314,9.806,4,-0.0,-0.0,0.0,5,-0.788,-21.619,-21.938
1537801.25836,3,-0.098,0.302,9.804,4,-0.001,0.0,0.0,5,-0.656,-21.581,-21.994
1537801.29753,3,-0.1,0.316,9.804,4,0.0,-0.001,0.0,5,-0.919,-21.3,-21.938
1537801.31711,3,-0.103,0.312,9.799,4,-0.0,-0.0,0.001,5,-0.919,-21.356,-22.088
1537801.33669,3,-0.1,0.321,9.799,4,0.0,-0.0,0.0,5,-1.05,-21.544,-22.088
1537801.35627,3,-0.098,0.304,9.802,4,0.001,-0.001,-0.0,5,-1.181,-21.544,-22.088
1537801.39544,3,-0.098,0.302,9.806,4,0.0,-0.001,-0.0,5,-1.256,-21.788,-21.694
1537801.41502,3,-0.1,0.309,9.799,4,0.001,-0.001,-0.0,5,-1.163,-21.788,-21.6
1537801.45418,3,-0.11,0.309,9.799,4,-0.0,0.0,-0.0,5,-0.919,-21.544,-21.638
1537801.47377,3,-0.091,0.312,9.806,4,0.0,-0.001,0.0,5,-1.013,-21.356,-21.488
1537801.49335,3,-0.1,0.314,9.799,4,-0.0,-0.0,-0.0,5,-1.069,-21.169,-21.525
1537801.51293,3,-0.103,0.307,9.802,4,0.0,-0.0,-0.0,5,-1.069,-20.831,-21.563
1537801.53251,3,-0.1,0.307,9.804,4,0.0,-0.0,0.0,5,-0.806,-20.625,-21.713
1537801.5521,3,-0.103,0.302,9.802,4,-0.002,0.001,0.0,5,-0.863,-20.756,-21.75
1537801.59126,3,-0.107,0.309,9.804,4,0.0,-0.001,-0.0,5,-0.619,-20.794,-21.6
1537801.63042,3,-0.105,0.307,9.809,4,0.0,-0.001,0.0,5,-0.656,-21.506,-21.488
1537801.65001,3,-0.1,0.309,9.806,4,0.0,-0.001,-0.0,5,-0.713,-21.525,-21.619
1537801.66959,3,-0.105,0.316,9.799,4,-0.0,-0.001,0.0,5,-0.581,-21.956,-21.581
1537801.68917,3,-0.095,0.324,9.802,4,0.0,-0.001,-0.0,5,-0.863,-22.088,-21.319
1537801.70875,3,-0.095,0.316,9.811,4,-0.001,0.001,0.0,5,-0.975,-21.881,-21.263
1537801.72834,3,-0.112,0.321,9.804,4,-0.0,0.001,0.0,5,-1.219,-21.881,-21.506
1537801.74792,3,-0.105,0.304,9.802,4,0.0,-0.0,0.0,5,-1.538,-21.975,-21.413
1537801.7675,3,-0.1,0.307,9.799,4,-0.0,0.001,-0.0,5,-1.669,-21.956,-21.3
1537801.78708,3,-0.103,0.314,9.799,4,0.001,-0.0,-0.0,5,-1.725,-21.788,-21.375
1537801.82625,3,-0.11,0.314,9.799,4,0.0,0.0,-0.0,5,-1.481,-21.713,-21.206
1537801.84583,3,-0.103,0.309,9.804,4,0.001,-0.0,-0.0,5,-1.444,-21.431,-20.963
1537801.86541,3,-0.103,0.304,9.799,4,0.0,-0.0,-0.0,5,-1.369,-21.469,-21.075
1537801.88499,3,-0.098,0.312,9.802,4,0.0,0.0,-0.0,5,-1.294,-21.169,-21.094
1537801.90458,3,-0.107,0.312,9.794,4,-0.0,0.001,-0.0,5,-1.144,-20.85,-20.906
1537801.92416,3,-0.11,0.302,9.804,4,-0.0,0.001,0.0,5,-0.806,-20.588,-21.019
1537801.94374,3,-0.105,0.319,9.802,4,0.0,0.0,0.0,5,-0.806,-20.494,-21.169
1537801.96332,3,-0.098,0.307,9.799,4,0.001,-0.0,-0.0,5,-0.806,-20.55,-21.113
1537802.00249,3,-0.107,0.314,9.792,4,-0.0,0.0,-0.0,5,-1.013,-20.906,-21.15
1537802.02207,3,-0.1,0.312,9.802,4,0.0,0.0,-0.0,5,-0.975,-20.756,-21.375
1537802.04165,3,-0.093,0.304,9.799,4,-0.0,0.001,-0.0,5,-1.106,-21.206,-21.45
1537802.06123,3,-0.095,0.314,9.802,4,0.0,-0.0,0.0,5,-1.05,-21.375,-21.431
1537802.08082,3,-0.095,0.309,9.811,4,-0.001,0.001,0.0,5,-1.238,-21.375,-21.488
1537802.11998,3,-0.105,0.307,9.802,4,-0.001,0.0,-0.0,5,-1.35,-21.731,-21.525
1537802.13956,3,-0.103,0.314,9.802,4,0.0,0.0,-0.0,5,-1.425,-21.525,-21.45
1537802.15914,3,-0.105,0.307,9.809,4,0.0,0.0,0.0,5,-1.35,-21.413,-21.656
1537802.19831,3,-0.105,0.307,9.804,4,-0.0,-0.0,0.0,5,-1.219,-21.338,-21.675
1537802.21789,3,-0.095,0.307,9.799,4,0.0,0.0,-0.0,5,-1.425,-21.544,-21.638
1537802.23747,3,-0.1,0.309,9.799,4,-0.0,0.001,0.0,5,-1.313,-21.581,-21.656
1537802.25706,3,-0.105,0.316,9.806,4,0.0,-0.001,0.001,5,-1.181,-21.394,-21.6
1537802.27664,3,-0.098,0.312,9.816,4,-0.0,0.0,-0.0,5,-0.919,-21.356,-21.656
1537802.29622,3,-0.098,0.312,9.797,4,0.001,0.0,0.0,5,-1.031,-21.563,-21.675
1537802.3158,3,-0.1,0.314,9.804,4,-0.0,0.001,0.0,5,-1.125,-21.506,-21.806
1537802.33538,3,-0.103,0.307,9.799,4,-0.001,0.001,-0.0,5,-1.106,-21.581,-21.356
1537802.35497,3,-0.1,0.307,9.804,4,-0.0,0.0,-0.0,5,-1.163,-21.469,-21.188
1537802.39413,3,-0.1,0.309,9.799,4,0.0,0.0,0.0,5,-1.163,-21.844,-21.225
1537802.41371,3,-0.103,0.314,9.806,4,-0.0,0.001,-0.0,5,-1.294,-21.656,-21.225
1537802.4333,3,-0.093,0.304,9.792,4,0.0,0.0,0.0,5,-1.256,-21.75,-21.319
1537802.47246,3,-0.095,0.309,9.806,4,0.0,-0.001,-0.0,5,-1.125,-21.788,-21.281
1537802.51162,3,-0.1,0.312,9.806,4,-0.0,0.0,0.0,5,-1.013,-22.069,-21.563
1537802.53121,3,-0.098,0.307,9.799,4,0.001,-0.001,0.0,5,-0.881,-21.844,-21.244
1537802.55079,3,-0.098,0.307,9.799,4,-0.0,0.0,-0.0,5,-1.013,-21.731,-21.263
1537802.57037,3,-0.098,0.304,9.806,4,0.001,0.0,0.0,5,-1.013,-21.788,-21.169
1537802.58995,3,-0.095,0.319,9.799,4,-0.0,0.0,0.0,5,-1.219,-21.731,-21.056
1537802.60954,3,-0.1,0.307,9.802,4,-0.002,0.001,0.0,5,-1.219,-21.825,-20.869
1537802.62912,3,-0.107,0.316,9.802,4,-0.001,0.001,0.0,5,-1.106,-21.863,-20.888
1537802.6487,3,-0.093,0.319,9.799,4,-0.0,0.001,0.0,5,-1.181,-21.656,-21.038
1537802.66828,3,-0.093,0.312,9.802,4,-0.0,0.001,-0.0,5,-1.35,-21.544,-20.963
1537802.68786,3,-0.107,0.309,9.804,4,-0.0,0.001,0.0,5,-1.463,-21.656,-21.075
1537802.70745,3,-0.093,0.307,9.802,4,-0.0,0.0,-0.0,5,-1.5,-21.656,-21.075
1537802.72703,3,-0.098,0.314,9.804,4,0.0,0.0,-0.0,5,-1.388,-21.619,-21.188
1537802.74661,3,-0.103,0.312,9.797,4,-0.0,0.001,-0.0,5,-1.294,-21.469,-21.244
1537802.78578,3,-0.091,0.307,9.802,4,-0.001,0.001,0.0,5,-1.219,-21.113,-21.056
1537802.80536,3,-0.093,0.307,9.797,4,0.001,-0.0,-0.0,5,-1.294,-21.3,-21.113
1537802.82494,3,-0.093,0.309,9.794,4,-0.0,0.001,-0.0,5,-1.2,-21.206,-21.019
1537802.8641,3,-0.11,0.312,9.811,4,0.0,-0.0,0.0,5,-1.181,-21.469,-21.0
1537802.88369,3,-0.1,0.314,9.809,4,0.0,-0.0,-0.0,5,-0.825,-21.263,-21.113
1537802.90327,3,-0.095,0.309,9.797,4,0.001,-0.001,-0.0,5,-0.844,-21.488,-21.094
1537802.92285,3,-0.103,0.307,9.799,4,0.0,-0.0,-0.0,5,-0.994,-21.731,-21.038
1537802.94243,3,-0.103,0.319,9.804,4,0.001,-0.001,0.0,5,-1.088,-21.863,-21.169
1537802.96202,3,-0.103,0.309,9.799,4,0.001,-0.0,-0.0,5,-1.256,-21.863,-21.206
1537802.9816,3,-0.088,0.312,9.799,4,0.001,-0.001,0.0,5,-1.2,-21.844,-21.038
1537803.00118,3,-0.105,0.312,9.802,4,0.001,-0.001,-0.0,5,-1.2,-21.994,-21.038
1537803.04034,3,-0.098,0.309,9.802,4,0.0,-0.0,0.0,5,-1.763,-21.619,-21.169
1537803.05993,3,-0.1,0.314,9.794,4,-0.001,0.001,0.0,5,-1.838,-21.263,-21.188
1537803.07951,3,-0.1,0.307,9.797,4,-0.0,-0.0,-0.0,5,-1.706,-21.0,-21.394
1537803.09909,3,-0.105,0.304,9.806,4,-0.0,0.0,-0.0,5,-1.406,-20.944,-21.469
1537803.11867,3,-0.103,0.312,9.799,4,0.001,-0.001,0.0,5,-1.331,-20.756,-21.469
1537803.13826,3,-0.117,0.312,9.804,4,-0.0,-0.0,-0.0,5,-1.181,-20.663,-21.563
1537803.15784,3,-0.093,0.307,9.806,4,-0.0,-0.0,-0.0,5,-1.331,-20.475,-21.75
1537803.17742,3,-0.103,0.307,9.809,4,-0.0,-0.0,0.0,5,-1.144,-20.606,-21.694
1537803.197,3,-0.103,0.307,9.802,4,0.0,-0.0,0.0,5,-1.106,-20.7,-21.694
1537803.21659,3,-0.098,0.309,9.797,4,-0.001,0.0,-0.0,5,-0.863,-20.888,-21.656
1537803.23617,3,-0.086,0.309,9.79,4,-0.0,-0.0,-0.0,5,-0.863,-20.925,-21.525
1537803.25575,3,-0.098,0.316,9.794,4,0.0,-0.001,-0.0,5,-1.013,-20.756,-21.394
1537803.27533,3,-0.098,0.316,9.814,4,0.0,-0.001,0.0,5,-0.675,-21.0,-21.394
1537803.3145,3,-0.105,0.312,9.802,4,0.0,-0.0,0.0,5,-0.431,-21.263,-21.413
1537803.33408,3,-0.107,0.302,9.797,4,-0.0,-0.0,0.0,5,-0.338,-21.45,-21.469
1537803.35366,3,-0.098,0.309,9.802,4,0.0,-0.0,-0.0,5,-0.319,-21.431,-21.638
1537803.37324,3,-0.098,0.314,9.797,4,0.001,-0.001,-0.0,5,-0.488,-21.413,-21.656
1537803.39283,3,-0.107,0.304,9.816,4,0.001,-0.001,-0.0,5,-0.656,-21.581,-21.581
1537803.41241,3,-0.105,0.314,9.799,4,0.0,-0.001,0.0,5,-0.563,-21.806,-21.675
1537803.43199,3,-0.095,0.319,9.802,4,-0.001,0.001,-0.0,5,-0.844,-21.938,-21.581
1537803.45157,3,-0.107,0.316,9.802,4,-0.002,0.001,-0.0,5,-1.2,-21.975,-21.488
1537803.47115,3,-0.095,0.304,9.797,4,0.001,-0.001,0.0,5,-1.2,-22.069,-21.488
1537803.51032,3,-0.093,0.304,9.799,4,0.001,-0.001,0.0,5,-1.275,-22.144,-21.375
1537803.5299,3,-0.1,0.321,9.797,4,0.001,-0.001,0.0,5,-1.2,-21.975,-21.356
1537803.54948,3,-0.11,0.309,9.809,4,0.001,-0.001,-0.0,5,-1.069,-21.788,-21.319
1537803.58865,3,-0.1,0.309,9.802,4,0.001,-0.001,0.0,5,-1.088,-21.788,-21.6
1537803.60823,3,-0.11,0.314,9.802,4,-0.0,0.0,0.0,5,-0.956,-21.694,-21.694
1537803.62781,3,-0.112,0.314,9.804,4,0.001,-0.002,0.0,5,-1.163,-21.469,-21.806
1537803.64739,3,-0.105,0.312,9.802,4,0.001,-0.001,0.0,5,-1.163,-21.469,-21.713
1537803.66698,3,-0.098,0.307,9.806,4,-0.0,0.0,-0.0,5,-1.031,-21.394,-21.731
1537803.70614,3,-0.107,0.314,9.809,4,0.002,-0.001,0.0,5,-0.919,-21.713,-21.75
1537803.72572,3,-0.095,0.312,9.806,4,0.001,-0.001,-0.0,5,-0.938,-21.469,-21.694
1537803.76489,3,-0.093,0.309,9.816,4,-0.001,-0.0,-0.0,5,-0.975,-21.525,-21.694
1537803.78447,3,-0.095,0.321,9.806,4,0.0,-0.0,0.0,5,-0.863,-21.413,-21.806
1537803.80405,3,-0.105,0.316,9.799,4,0.0,0.0,0.0,5,-0.506,-21.544,-21.694
1537803.82363,3,-0.107,0.316,9.809,4,-0.001,0.0,0.0,5,-0.525,-21.413,-21.863
1537803.84322,3,-0.095,0.316,9.794,4,-0.001,0.0,0.001,5,-0.581,-21.375,-21.713
1537803.8628,3,-0.103,0.319,9.802,4,-0.002,0.002,0.0,5,-0.769,-21.469,-21.525
1537803.88238,3,-0.098,0.304,9.806,4,0.001,-0.0,-0.0,5,-0.769,-21.469,-21.281
1537803.90196,3,-0.103,0.316,9.806,4,-0.0,-0.0,0.0,5,-0.825,-21.563,-21.469
1537803.92155,3,-0.1,0.312,9.804,4,0.001,-0.0,-0.0,5,-0.731,-21.6,-21.431
1537803.94113,3,-0.105,0.307,9.804,4,0.001,-0.0,0.0,5,-0.825,-21.731,-21.431
1537803.96071,3,-0.095,0.319,9.797,4,0.001,-0.001,0.0,5,-0.881,-21.731,-21.394
1537803.98029,3,-0.103,0.309,9.797,4,0.0,-0.0,-0.0,5,-0.881,-21.881,-21.206
1537803.99987,3,-0.1,0.309,9.804,4,0.0,-0.001,-0.0,5,-0.975,-21.975,-21.3
1537804.01946,3,-0.095,0.314,9.799,4,0.0,-0.0,0.0,5,-0.806,-21.844,-21.563
1537804.03904,3,-0.093,0.314,9.804,4,-0.0,0.0,0.0,5,-0.844,-21.788,-21.9
1537804.0782,3,-0.098,0.307,9.799,4,-0.001,0.0,-0.0,5,-0.994,-21.525,-21.638
1537804.09779,3,-0.088,0.307,9.809,4,-0.0,0.0,0.0,5,-0.881,-21.694,-21.431
1537804.11737,3,-0.098,0.316,9.802,4,-0.0,-0.0,0.0,5,-0.975,-21.694,-21.375
1537804.13695,3,-0.105,0.309,9.804,4,-0.0,0.001,0.0,5,-1.013,-21.731,-21.469
1537804.15653,3,-0.095,0.302,9.799,4,-0.001,0.002,0.0,5,-1.05,-21.638,-21.431
1537804.1957,3,-0.107,0.307,9.797,4,-0.001,0.001,0.0,5,-1.313,-21.431,-20.944
1537804.21528,3,-0.105,0.314,9.804,4,0.001,-0.001,0.0,5,-1.2,-21.563,-20.831
1537804.25444,3,-0.11,0.314,9.802,4,-0.0,0.001,0.0,5,-1.275,-21.263,-21.056
1537804.27403,3,-0.105,0.307,9.802,4,-0.001,-0.0,0.0,5,-1.219,-21.206,-21.113
1537804.29361,3,-0.091,0.309,9.799,4,0.0,-0.001,0.0,5,-1.106,-21.0,-21.094
1537804.31319,3,-0.103,0.302,9.802,4,0.0,-0.0,0.0,5,-0.994,-20.981,-21.169
1537804.33277,3,-0.1,0.307,9.811,4,-0.0,-0.0,0.0,5,-0.994,-21.225,-21.431
1537804.35236,3,-0.105,0.312,9.806,4,-0.0,-0.0,0.0,5,-0.844,-21.506,-21.525
1537804.37194,3,-0.095,0.309,9.806,4,0.0,-0.0,-0.0,5,-0.863,-21.431,-21.488
1537804.39152,3,-0.091,0.307,9.802,4,-0.001,0.001,0.0,5,-0.863,-21.394,-21.394
1537804.4111,3,-0.1,0.316,9.797,4,-0.001,0.0,-0.0,5,-0.863,-21.45,-21.338
1537804.45027,3,-0.103,0.314,9.799,4,-0.001,0.0,0.0,5,-1.2,-21.581,-21.225
1537804.46985,3,-0.103,0.307,9.799,4,0.0,-0.0,-0.0,5,-1.294,-21.619,-21.131
1537804.48943,3,-0.1,0.304,9.799,4,-0.0,-0.0,0.0,5,-1.088,-21.413,-21.019
1537804.50901,3,-0.11,0.307,9.797,4,-0.0,0.0,-0.0,5,-1.219,-21.3,-21.038
1537804.5286,3,-0.095,0.309,9.802,4,-0.0,-0.0,0.0,5,-1.013,-21.375,-21.169
1537804.54818,3,-0.095,0.307,9.799,4,-0.001,0.0,-0.0,5,-1.013,-21.506,-21.169
1537804.56776,3,-0.098,0.316,9.799,4,-0.001,0.0,-0.0,5,-1.163,-21.694,-21.319
1537804.58734,3,-0.081,0.312,9.799,4,-0.0,-0.0,0.0,5,-1.088,-21.45,-21.431
1537804.60692,3,-0.088,0.312,9.797,4,-0.001,0.001,0.0,5,-1.2,-21.619,-21.375
1537804.64609,3,-0.095,0.309,9.802,4,0.001,-0.0,0.0,5,-0.994,-22.069,-21.263
1537804.68525,3,-0.103,0.314,9.804,4,0.0,0.0,-0.0,5,-0.994,-21.975,-21.169
1537804.70484,3,-0.103,0.309,9.802,4,0.0,0.0,-0.0,5,-0.975,-21.75,-21.413
1537804.72442,3,-0.095,0.316,9.809,4,-0.001,0.0,-0.0,5,-1.144,-21.694,-21.45
1537804.744,3,-0.098,0.314,9.799,4,-0.001,0.0,-0.0,5,-1.088,-21.694,-21.45
1537804.76358,3,-0.1,0.304,9.804,4,-0.001,0.0,-0.0,5,-0.9,-21.694,-21.413
1537804.78316,3,-0.105,0.314,9.799,4,0.001,-0.0,0.0,5,-0.769,-21.6,-21.45
1537804.80275,3,-0.115,0.309,9.802,4,-0.001,0.0,-0.0,5,-0.975,-21.188,-21.469
1537804.82233,3,-0.091,0.314,9.802,4,-0.001,0.0,-0.0,5,-1.144,-21.3,-21.675
1537804.86149,3,-0.105,0.307,9.814,4,0.0,-0.0,-0.0,5,-1.125,-21.713,-21.544
1537804.88108,3,-0.107,0.304,9.804,4,-0.0,0.0,-0.0,5,-0.956,-21.825,-21.563
1537804.90066,3,-0.115,0.314,9.799,4,-0.001,0.001,-0.0,5,-1.013,-21.825,-21.563
1537804.93982,3,-0.1,0.314,9.802,4,-0.001,0.0,-0.0,5,-1.163,-21.863,-21.844
1537804.95941,3,-0.105,0.316,9.804,4,0.0,0.0,-0.0,5,-1.013,-21.863,-21.881
1537804.97899,3,-0.105,0.309,9.806,4,-0.0,0.001,0.0,5,-1.106,-21.769,-21.694
1537804.99857,3,-0.103,0.314,9.806,4,-0.0,0.0,-0.0,5,-1.481,-21.638,-21.506
1537805.01815,3,-0.103,0.314,9.797,4,0.0,-0.0,-0.0,5,-1.481,-21.694,-21.544
1537805.03773,3,-0.103,0.307,9.794,4,0.0,-0.0,-0.0,5,-1.613,-21.619,-21.563
1537805.05732,3,-0.1,0.314,9.804,4,0.001,-0.0,-0.0,5,-1.5,-21.6,-21.3
1537805.0769,3,-0.095,0.316,9.804,4,0.001,-0.001,-0.0,5,-1.313,-21.75,-21.019
1537805.09648,3,-0.1,0.316,9.804,4,0.001,-0.001,-0.0,5,-1.219,-21.9,-20.775
1537805.11606,3,-0.103,0.309,9.802,4,0.001,-0.001,-0.0,5,-1.5,-21.863,-20.738
1537805.13565,3,-0.1,0.319,9.811,4,0.0,-0.001,-0.0,5,-1.575,-21.788,-20.906
1537805.15523,3,-0.107,0.302,9.809,4,0.0,-0.001,-0.0,5,-1.256,-21.825,-20.869
1537805.19439,3,-0.093,0.302,9.797,4,0.0,-0.001,0.0,5,-1.181,-21.75,-20.85
1537805.21397,3,-0.103,0.312,9.792,4,-0.0,0.0,-0.0,5,-1.238,-21.713,-20.925
1537805.25314,3,-0.098,0.309,9.799,4,0.0,0.0,0.0,5,-1.538,-21.6,-21.019
1537805.27272,3,-0.098,0.304,9.811,4,0.0,-0.001,-0.0,5,-1.425,-21.619,-20.944
1537805.2923,3,-0.105,0.309,9.802,4,-0.0,0.0,-0.0,5,-0.994,-21.806,-20.794
1537805.31189,3,-0.103,0.319,9.787,4,-0.0,0.0,-0.0,5,-1.125,-21.9,-20.888
1537805.33147,3,-0.098,0.314,9.814,4,-0.0,0.001,0.0,5,-0.975,-21.9,-20.85
1537805.37063,3,-0.107,0.312,9.794,4,-0.0,0.0,-0.0,5,-0.825,-21.563,-20.963
1537805.39021,3,-0.112,0.312,9.802,4,0.0,-0.0,0.0,5,-0.45,-21.6,-20.906
1537805.4098,3,-0.1,0.309,9.804,4,-0.0,0.0,0.0,5,-0.394,-21.488,-20.981
1537805.42938,3,-0.103,0.307,9.804,4,-0.0,0.0,0.0,5,-0.225,-21.694,-21.056
1537805.44896,3,-0.1,0.309,9.806,4,0.0,0.0,-0.0,5,-0.394,-21.581,-21.131
1537805.46854,3,-0.103,0.307,9.809,4,0.0,0.0,0.0,5,-0.244,-21.619,-21.15
1537805.48813,3,-0.098,0.309,9.806,4,-0.001,0.001,0.0,5,-0.244,-21.619,-21.244
1537805.52729,3,-0.1,0.312,9.804,4,0.0,0.0,0.001,5,-0.188,-21.788,-21.3
1537805.56646,3,-0.112,0.314,9.809,4,-0.001,0.001,-0.0,5,-0.394,-21.919,-21.469
1537805.60562,3,-0.095,0.319,9.804,4,-0.0,0.0,0.0,5,-0.338,-21.713,-21.544
1537805.6252,3,-0.095,0.321,9.809,4,0.001,-0.001,0.0,5,-0.206,-21.525,-21.544
1537805.66437,3,-0.091,0.316,9.809,4,-0.0,0.0,-0.0,5,-0.375,-21.45,-21.619
1537805.70353,3,-0.107,0.309,9.809,4,0.001,0.0,-0.0,5,-0.581,-21.469,-21.563
1537805.72311,3,-0.11,0.304,9.804,4,-0.0,0.001,0.0,5,-0.488,-21.319,-21.656
1537805.7427,3,-0.107,0.307,9.804,4,-0.0,0.0,0.0,5,-0.731,-21.263,-21.619
1537805.76228,3,-0.103,0.319,9.806,4,-0.0,-0.0,0.0,5,-0.769,-21.319,-21.525
1537805.78186,3,-0.1,0.309,9.809,4,-0.0,-0.0,-0.0,5,-1.181,-21.506,-21.619
1537805.80144,3,-0.1,0.312,9.804,4,0.0,0.0,0.0,5,-0.863,-21.581,-21.6
1537805.82102,3,-0.095,0.314,9.811,4,0.0,-0.0,0.0,5,-1.125,-21.506,-21.469
1537805.84061,3,-0.103,0.312,9.802,4,0.001,-0.001,-0.0,5,-1.256,-21.638,-21.319
1537805.86019,3,-0.1,0.302,9.814,4,0.001,-0.0,-0.0,5,-1.275,-21.656,-21.3
1537805.87977,3,-0.105,0.304,9.802,4,-0.001,0.001,0.0,5,-1.463,-21.525,-21.075
1537805.89935,3,-0.088,0.316,9.804,4,0.001,-0.0,-0.0,5,-1.463,-21.581,-20.85
1537805.91894,3,-0.098,0.316,9.802,4,0.0,-0.0,0.0,5,-1.613,-21.525,-20.944
1537805.9581,3,-0.098,0.316,9.804,4,-0.0,0.0,-0.0,5,-1.631,-21.263,-20.906
1537805.97768,3,-0.093,0.309,9.802,4,0.001,-0.0,0.0,5,-1.613,-21.15,-21.169
1537805.99727,3,-0.098,0.314,9.802,4,0.0,-0.001,-0.0,5,-1.444,-21.075,-21.375
1537806.01685,3,-0.083,0.314,9.804,4,0.0,-0.0,0.0,5,-1.2,-21.038,-21.375
1537806.03643,3,-0.098,0.312,9.809,4,0.001,-0.001,0.0,5,-1.125,-21.019,-21.431
1537806.05601,3,-0.105,0.309,9.811,4,0.001,-0.0,0.0,5,-1.013,-21.0,-21.769
1537806.07559,3,-0.103,0.309,9.804,4,-0.0,0.001,0.0,5,-0.919,-21.188,-21.9
1537806.11476,3,-0.095,0.307,9.809,4,0.0,0.0,0.0,5,-0.825,-21.281,-21.769
1537806.13434,3,-0.098,0.316,9.806,4,-0.0,0.0,0.0,5,-0.75,-21.206,-21.375
1537806.17351,3,-0.093,0.309,9.811,4,-0.0,0.001,0.0,5,-0.975,-21.338,-21.319
1537806.21267,3,-0.11,0.312,9.806,4,0.0,0.0,-0.0,5,-0.994,-21.394,-21.169
1537806.23225,3,-0.1,0.312,9.804,4,0.0,0.0,0.0,5,-0.806,-21.3,-21.038
1537806.25183,3,-0.103,0.307,9.806,4,-0.001,0.0,-0.0,5,-0.619,-21.394,-21.0
1537806.27142,3,-0.098,0.309,9.806,4,-0.001,0.0,-0.0,5,-0.656,-21.281,-21.206
1537806.291,3,-0.095,0.309,9.797,4,-0.001,0.0,0.0,5,-0.413,-21.413,-21.431
1537806.31058,3,-0.105,0.309,9.799,4,-0.002,0.001,-0.0,5,-0.619,-21.244,-21.413
1537806.33016,3,-0.098,0.295,9.809,4,-0.001,0.001,-0.0,5,-0.581,-21.281,-21.6
1537806.34975,3,-0.098,0.302,9.806,4,0.0,0.0,-0.0,5,-0.544,-21.338,-21.506
1537806.36933,3,-0.105,0.309,9.809,4,-0.001,0.001,-0.0,5,-0.563,-21.45,-21.713
1537806.38891,3,-0.103,0.295,9.811,4,-0.001,0.0,-0.0,5,-0.581,-21.431,-21.638
1537806.40849,3,-0.105,0.314,9.814,4,0.001,0.0,-0.0,5,-0.956,-21.3,-21.638
1537806.42807,3,-0.107,0.314,9.811,4,0.0,0.0,-0.0,5,-1.163,-21.356,-21.338
1537806.44766,3,-0.1,0.309,9.809,4,-0.001,0.001,-0.0,5,-1.406,-21.356,-21.244
1537806.46724,3,-0.103,0.304,9.806,4,-0.001,0.0,0.0,5,-1.425,-21.469,-21.131
1537806.48682,3,-0.105,0.309,9.809,4,0.0,0.0,0.0,5,-1.294,-21.206,-21.0
1537806.52599,3,-0.095,0.309,9.806,4,0.0,-0.0,-0.0,5,-1.313,-21.188,-20.794
1537806.58473,3,-0.098,0.304,9.802,4,0.0,-0.0,0.0,5,-1.425,-21.244,-20.831
1537806.6239,3,-0.095,0.312,9.811,4,0.001,-0.0,-0.0,5,-1.013,-21.188,-21.094
1537806.64348,3,-0.098,0.309,9.811,4,0.0,0.0,-0.0,5,-0.731,-21.244,-21.169
1537806.66306,3,-0.105,0.309,9.806,4,0.0,-0.0,0.0,5,-0.769,-21.506,-21.3
1537806.68264,3,-0.103,0.316,9.799,4,0.0,-0.0,-0.0,5,-0.844,-21.581,-21.375
1537806.70223,3,-0.093,0.314,9.804,4,0.0,-0.001,-0.0,5,-0.956,-21.413,-21.431
1537806.72181,3,-0.107,0.309,9.797,4,0.001,-0.001,-0.0,5,-1.069,-21.244,-21.45
1537806.74139,3,-0.105,0.314,9.809,4,0.0,0.0,0.0,5,-0.788,-21.281,-21.356
1537806.78056,3,-0.093,0.297,9.802,4,-0.0,0.001,0.0,5,-1.069,-21.281,-21.356
1537806.80014,3,-0.107,0.307,9.802,4,-0.0,0.001,-0.0,5,-1.238,-21.169,-21.3
1537806.81972,3,-0.1,0.304,9.806,4,0.0,0.0,0.0,5,-1.369,-20.981,-21.3
1537806.8393,3,-0.105,0.312,9.806,4,-0.001,0.001,0.0,5,-1.538,-20.85,-21.319
1537806.87847,3,-0.103,0.312,9.794,4,-0.001,0.0,-0.0,5,-1.106,-20.981,-21.3
1537806.89805,3,-0.1,0.307,9.802,4,-0.001,0.0,0.0,5,-1.35,-21.056,-21.244
1537806.91763,3,-0.105,0.302,9.804,4,-0.0,0.0,0.0,5,-1.388,-20.813,-21.544
1537806.93721,3,-0.107,0.309,9.804,4,0.0,-0.001,0.0,5,-1.313,-20.588,-21.281
1537806.9568,3,-0.105,0.319,9.802,4,0.0,-0.001,-0.0,5,-1.294,-20.419,-21.431
1537806.97638,3,-0.105,0.314,9.802,4,-0.0,0.0,-0.0,5,-1.2,-20.7,-21.375
1537806.99596,3,-0.103,0.307,9.802,4,0.001,-0.001,0.0,5,-1.05,-20.85,-21.281
1537807.01554,3,-0.091,0.307,9.802,4,0.0,0.0,-0.0,5,-1.031,-21.056,-21.394
1537807.05471,3,-0.105,0.316,9.794,4,-0.002,0.001,-0.0,5,-1.088,-20.925,-21.338
1537807.07429,3,-0.1,0.314,9.799,4,0.0,-0.001,0.0,5,-0.806,-21.244,-21.3
1537807.09387,3,-0.103,0.309,9.794,4,0.001,0.0,0.0,5,-0.844,-21.375,-21.431
1537807.11345,3,-0.098,0.316,9.806,4,0.0,-0.001,0.0,5,-0.863,-21.394,-21.469
1537807.13304,3,-0.103,0.304,9.816,4,-0.0,0.0,0.0,5,-0.844,-21.188,-21.394
1537807.1722,3,-0.1,0.314,9.809,4,-0.0,0.0,-0.0,5,-0.881,-21.0,-21.375
1537807.19178,3,-0.095,0.314,9.804,4,-0.001,0.001,0.0,5,-0.844,-20.906,-21.375
1537807.21137,3,-0.103,0.304,9.799,4,0.001,-0.001,0.0,5,-0.975,-21.094,-21.413
1537807.25053,3,-0.098,0.309,9.802,4,0.001,-0.001,0.0,5,-0.975,-21.15,-21.375
1537807.27011,3,-0.098,0.312,9.804,4,0.001,0.0,0.0,5,-0.881,-21.15,-21.131
1537807.28969,3,-0.105,0.314,9.806,4,0.0,0.0,0.0,5,-0.694,-21.244,-21.038
1537807.30928,3,-0.103,0.312,9.811,4,-0.0,0.0,0.0,5,-0.694,-21.15,-21.0
1537807.32886,3,-0.103,0.316,9.804,4,-0.0,0.0,-0.0,5,-0.544,-21.375,-20.85
1537807.34844,3,-0.1,0.314,9.804,4,0.0,0.0,-0.0,5,-0.525,-21.488,-21.019
1537807.36802,3,-0.103,0.314,9.804,4,0.001,-0.0,0.0,5,-0.844,-21.431,-21.169
1537807.38761,3,-0.1,0.307,9.797,4,0.0,0.0,-0.0,5,-0.844,-21.525,-21.0
1537807.40719,3,-0.1,0.309,9.802,4,0.0,-0.0,-0.0,5,-0.938,-21.525,-20.944
1537807.44635,3,-0.1,0.312,9.799,4,0.0,0.0,-0.0,5,-1.05,-21.45,-21.113
1537807.5051,3,-0.105,0.307,9.797,4,0.001,-0.0,0.0,5,-1.2,-21.188,-21.3
1537807.52468,3,-0.095,0.321,9.799,4,0.001,0.0,0.0,5,-1.163,-21.075,-21.169
1537807.54426,3,-0.091,0.312,9.804,4,0.0,-0.0,-0.0,5,-0.919,-20.813,-21.038
1537807.56385,3,-0.1,0.309,9.797,4,0.0,-0.0,0.0,5,-0.881,-20.681,-21.113
1537807.58343,3,-0.103,0.302,9.802,4,-0.0,-0.0,0.0,5,-0.881,-20.738,-21.019
1537807.60301,3,-0.103,0.314,9.802,4,-0.0,0.0,0.0,5,-1.088,-20.719,-21.094
1537807.62259,3,-0.105,0.314,9.806,4,0.0,-0.0,0.0,5,-1.163,-20.981,-21.075
1537807.64218,3,-0.095,0.312,9.802,4,0.0,0.0,0.0,5,-1.031,-20.981,-20.944
1537807.68134,3,-0.1,0.319,9.799,4,-0.001,0.001,0.0,5,-0.938,-20.925,-21.281
1537807.70092,3,-0.098,0.321,9.802,4,0.001,-0.0,-0.0,5,-0.825,-21.15,-21.225
1537807.7205,3,-0.093,0.312,9.811,4,-0.001,0.0,-0.0,5,-0.919,-21.15,-21.188
1537807.74009,3,-0.095,0.309,9.802,4,0.001,-0.0,-0.0,5,-1.144,-21.0,-21.431
1537807.77925,3,-0.1,0.312,9.802,4,0.001,-0.0,-0.0,5,-1.163,-21.206,-21.413
1537807.79883,3,-0.093,0.314,9.794,4,-0.001,0.001,0.0,5,-1.331,-21.225,-21.581
1537807.81842,3,-0.103,0.309,9.797,4,-0.001,0.001,0.0,5,-1.519,-21.656,-21.544
1537807.838,3,-0.095,0.312,9.802,4,-0.001,0.0,0.0,5,-1.406,-21.638,-21.469
1537807.85758,3,-0.095,0.309,9.797,4,-0.0,-0.0,-0.0,5,-1.556,-21.844,-21.488
1537807.87716,3,-0.103,0.312,9.804,4,-0.001,0.001,0.0,5,-1.594,-21.938,-21.581
1537807.89674,3,-0.103,0.307,9.811,4,-0.002,0.001,0.0,5,-1.481,-22.013,-21.45
1537807.91633,3,-0.098,0.314,9.794,4,0.001,-0.001,-0.0,5,-1.5,-21.619,-21.525
1537807.93591,3,-0.098,0.314,9.802,4,-0.0,0.0,0.0,5,-1.369,-21.431,-21.713
1537807.95549,3,-0.098,0.314,9.809,4,-0.0,0.0,0.0,5,-1.275,-21.3,-21.75
1537807.97507,3,-0.095,0.314,9.794,4,0.001,-0.0,0.0,5,-1.388,-21.131,-21.713
1537807.99466,3,-0.103,0.3,9.797,4,-0.001,0.0,0.0,5,-1.5,-21.3,-21.656
1537808.01424,3,-0.105,0.309,9.797,4,-0.001,0.0,0.0,5,-1.594,-21.019,-21.563
1537808.0534,3,-0.103,0.312,9.804,4,0.0,-0.0,-0.0,5,-1.556,-20.963,-21.338
1537808.09257,3,-0.098,0.309,9.802,4,0.001,-0.001,-0.0,5,-1.894,-21.338,-21.225
1537808.11215,3,-0.103,0.307,9.799,4,0.001,-0.0,-0.0,5,-1.931,-21.431,-21.131
1537808.13173,3,-0.095,0.312,9.799,4,-0.001,0.001,-0.0,5,-1.894,-21.563,-21.094
1537808.1709,3,-0.098,0.307,9.814,4,0.001,-0.001,0.0,5,-1.35,-21.731,-21.319
1537808.19048,3,-0.107,0.319,9.804,4,0.0,0.0,0.0,5,-1.219,-21.825,-21.281
1537808.21006,3,-0.107,0.314,9.804,4,0.001,0.0,-0.0,5,-1.219,-21.825,-21.413
1537808.22964,3,-0.107,0.316,9.806,4,0.0,-0.0,-0.0,5,-1.069,-22.05,-21.375
1537808.24923,3,-0.1,0.307,9.799,4,0.001,-0.0,-0.0,5,-1.163,-22.181,-21.281
1537808.28839,3,-0.103,0.314,9.806,4,0.001,-0.0,-0.0,5,-0.938,-22.088,-21.281
1537808.30797,3,-0.093,0.312,9.802,4,-0.0,0.0,-0.0,5,-0.994,-21.956,-21.281
1537808.32755,3,-0.105,0.309,9.802,4,-0.0,0.0,0.0,5,-1.163,-21.994,-21.075
1537808.34714,3,-0.105,0.312,9.806,4,-0.0,0.0,0.0,5,-1.05,-21.975,-21.094
1537808.36672,3,-0.095,0.307,9.806,4,0.0,0.001,0.0,5,-1.069,-21.9,-21.075
1537808.40588,3,-0.1,0.314,9.804,4,-0.0,0.0,-0.0,5,-0.975,-21.525,-21.244
1537808.42547,3,-0.105,0.304,9.799,4,-0.002,0.001,-0.0,5,-1.106,-21.525,-21.281
1537808.48421,3,-0.098,0.307,9.809,4,0.001,-0.0,-0.0,5,-1.294,-21.356,-21.263
1537808.52338,3,-0.107,0.309,9.799,4,0.0,0.0,-0.0,5,-1.181,-20.981,-21.431
1537808.54296,3,-0.11,0.312,9.802,4,0.001,-0.0,-0.0,5,-1.238,-21.038,-21.338
1537808.56254,3,-0.1,0.312,9.802,4,-0.001,0.001,-0.0,5,-1.238,-21.225,-21.15
1537808.58212,3,-0.086,0.314,9.809,4,-0.001,0.0,-0.0,5,-1.05,-21.094,-21.244
1537808.60171,3,-0.098,0.309,9.804,4,-0.001,0.001,-0.0,5,-0.919,-21.0,-21.244
1537808.62129,3,-0.098,0.304,9.802,4,-0.002,0.002,0.0,5,-0.919,-21.319,-21.15
1537808.64087,3,-0.107,0.316,9.809,4,0.001,-0.0,-0.0,5,-0.9,-21.244,-21.075
1537808.66045,3,-0.091,0.312,9.811,4,-0.001,0.0,-0.0,5,-0.881,-21.356,-21.3
1537808.68004,3,-0.105,0.312,9.804,4,0.0,0.0,0.0,5,-0.9,-21.469,-21.413
1537808.69962,3,-0.103,0.309,9.804,4,-0.001,0.0,0.0,5,-0.75,-21.469,-21.469
1537808.7192,3,-0.103,0.312,9.799,4,0.0,-0.0,0.0,5,-0.506,-21.263,-21.6
1537808.73878,3,-0.098,0.307,9.802,4,-0.001,0.001,0.0,5,-0.713,-21.188,-21.488
1537808.75837,3,-0.103,0.314,9.799,4,0.0,-0.0,0.0,5,-0.731,-21.356,-21.619
1537808.77795,3,-0.093,0.309,9.806,4,-0.001,-0.0,0.0,5,-0.638,-21.131,-21.619
1537808.79753,3,-0.095,0.304,9.806,4,0.0,-0.0,0.0,5,-0.694,-21.188,-21.806
1537808.81711,3,-0.1,0.312,9.809,4,0.001,0.0,0.0,5,-0.769,-21.263,-21.769
1537808.83669,3,-0.1,0.309,9.799,4,-0.0,0.001,0.0,5,-0.825,-21.356,-21.638
1537808.85628,3,-0.112,0.307,9.802,4,-0.0,0.0,-0.0,5,-1.069,-21.45,-21.675
1537808.87586,3,-0.107,0.307,9.802,4,0.0,-0.0,-0.0,5,-1.294,-21.694,-21.619
1537808.91502,3,-0.093,0.312,9.809,4,0.0,0.0,-0.0,5,-1.088,-21.731,-21.356
1537808.93461,3,-0.103,0.312,9.804,4,0.0,-0.001,0.0,5,-1.256,-21.788,-21.338
1537808.95419,3,-0.105,0.309,9.806,4,0.0,0.0,0.0,5,-1.35,-21.638,-21.15
1537808.99335,3,-0.105,0.309,9.809,4,-0.0,0.0,0.0,5,-1.256,-21.488,-21.0
1537809.01293,3,-0.1,0.314,9.814,4,0.001,-0.001,-0.0,5,-1.294,-21.525,-20.906
1537809.03252,3,-0.103,0.302,9.802,4,0.0,0.0,-0.0,5,-1.088,-21.356,-20.925
1537809.07168,3,-0.103,0.312,9.802,4,0.0,0.0,0.0,5,-1.163,-21.319,-20.944
1537809.09126,3,-0.098,0.304,9.799,4,0.0,-0.001,-0.0,5,-1.013,-21.281,-21.131
1537809.11085,3,-0.103,0.312,9.799,4,0.0,0.0,-0.0,5,-0.844,-21.638,-21.394
1537809.13043,3,-0.095,0.295,9.806,4,-0.0,0.0,-0.0,5,-0.863,-22.088,-21.563
1537809.15001,3,-0.103,0.314,9.799,4,-0.0,0.0,0.0,5,-0.844,-21.881,-21.6
1537809.16959,3,-0.112,0.312,9.802,4,-0.0,0.001,0.0,5,-0.525,-21.844,-21.788
1537809.18918,3,-0.105,0.312,9.802,4,-0.001,0.001,0.0,5,-0.731,-22.013,-21.638
1537809.20876,3,-0.105,0.307,9.799,4,-0.0,0.001,0.0,5,-0.75,-21.769,-21.806
1537809.22834,3,-0.095,0.3,9.799,4,-0.0,0.0,0.0,5,-0.75,-21.994,-21.806
1537809.2675,3,-0.103,0.312,9.802,4,0.0,0.0,0.0,5,-0.956,-21.6,-21.544
1537809.28709,3,-0.107,0.314,9.802,4,-0.0,-0.001,0.0,5,-0.881,-21.338,-21.338
1537809.30667,3,-0.098,0.314,9.804,4,0.0,-0.001,-0.0,5,-1.031,-21.413,-21.45
1537809.34583,3,-0.103,0.302,9.799,4,0.0,-0.001,-0.0,5,-1.313,-21.413,-21.506
1537809.36542,3,-0.1,0.3,9.799,4,0.0,0.0,0.0,5,-1.425,-21.319,-21.844
1537809.40458,3,-0.1,0.309,9.806,4,-0.0,0.001,0.0,5,-1.275,-21.188,-21.994
1537809.42416,3,-0.103,0.314,9.804,4,0.0,-0.001,0.0,5,-1.125,-21.169,-21.881
1537809.44374,3,-0.098,0.312,9.806,4,0.0,0.0,0.0,5,-1.144,-21.375,-21.769
1537809.46333,3,-0.098,0.309,9.811,4,0.001,-0.001,0.0,5,-1.313,-21.544,-21.694
1537809.48291,3,-0.103,0.307,9.806,4,-0.0,0.0,-0.0,5,-1.219,-21.675,-21.694
1537809.52207,3,-0.098,0.314,9.809,4,0.0,-0.001,-0.0,5,-1.331,-21.825,-21.319
1537809.54166,3,-0.103,0.312,9.814,4,0.001,0.0,0.001,5,-1.2,-21.825,-21.056
1537809.56124,3,-0.1,0.314,9.811,4,-0.001,0.001,0.0,5,-1.444,-21.675,-20.906
1537809.58082,3,-0.095,0.314,9.809,4,-0.001,0.001,0.0,5,-1.631,-21.713,-21.0
1537809.6004,3,-0.1,0.309,9.804,4,-0.001,0.001,0.0,5,-1.425,-21.694,-21.244
1537809.61999,3,-0.1,0.304,9.797,4,0.0,-0.001,-0.0,5,-1.238,-21.694,-21.375
1537809.63957,3,-0.1,0.309,9.804,4,-0.001,0.002,-0.0,5,-1.125,-21.581,-21.206
1537809.65915,3,-0.107,0.304,9.802,4,-0.001,0.001,-0.0,5,-0.713,-21.581,-21.544
1537809.67873,3,-0.098,0.307,9.804,4,0.001,-0.001,0.0,5,-0.656,-21.394,-21.506
1537809.69831,3,-0.1,0.309,9.799,4,0.001,-0.001,-0.0,5,-0.844,-21.488,-21.675
1537809.7179,3,-0.105,0.314,9.794,4,0.0,0.0,0.0,5,-0.788,-21.731,-21.638
1537809.73748,3,-0.103,0.314,9.804,4,-0.0,0.001,0.0,5,-0.731,-21.919,-21.6
1537809.75706,3,-0.105,0.309,9.792,4,0.0,0.001,0.0,5,-1.031,-22.031,-21.525
1537809.77664,3,-0.095,0.309,9.811,4,0.0,-0.001,0.0,5,-1.313,-22.069,-21.263
1537809.81581,3,-0.107,0.307,9.802,4,0.001,-0.001,-0.0,5,-1.463,-21.806,-21.225
1537809.83539,3,-0.103,0.316,9.806,4,-0.0,0.001,0.0,5,-1.519,-21.994,-21.169
1537809.87455,3,-0.098,0.309,9.804,4,-0.0,0.0,0.0,5,-1.125,-21.731,-21.113
1537809.89414,3,-0.095,0.312,9.804,4,0.001,-0.001,-0.0,5,-1.181,-21.544,-21.113
1537809.91372,3,-0.095,0.307,9.809,4,-0.0,-0.0,-0.0,5,-0.956,-21.45,-21.113
1537809.9333,3,-0.11,0.307,9.802,4,-0.0,-0.0,0.0,5,-0.769,-21.319,-21.375
1537809.95288,3,-0.088,0.312,9.804,4,-0.001,0.001,-0.0,5,-0.769,-21.281,-21.431
1537809.97247,3,-0.103,0.314,9.806,4,0.0,-0.0,-0.0,5,-0.75,-21.263,-21.319
1537809.99205,3,-0.103,0.312,9.797,4,0.0,-0.0,0.0,5,-0.825,-21.15,-21.488
1537810.03121,3,-0.093,0.307,9.811,4,0.0,-0.0,0.0,5,-0.619,-21.413,-21.788
1537810.0508,3,-0.1,0.309,9.806,4,0.0,-0.0,0.0,5,-0.544,-21.394,-21.525
1537810.07038,3,-0.1,0.309,9.809,4,-0.0,0.001,-0.0,5,-0.563,-21.225,-21.375
1537810.08996,3,-0.107,0.314,9.804,4,-0.0,0.001,-0.0,5,-0.6,-20.944,-21.469
1537810.12912,3,-0.098,0.312,9.809,4,-0.001,0.001,0.0,5,-0.544,-21.263,-21.375
1537810.14871,3,-0.103,0.309,9.804,4,-0.0,-0.0,0.0,5,-0.356,-21.263,-21.375
1537810.16829,3,-0.105,0.312,9.809,4,0.001,-0.001,-0.0,5,-0.469,-21.15,-21.3
1537810.20745,3,-0.107,0.309,9.802,4,0.001,-0.001,0.0,5,-0.506,-21.094,-21.431
1537810.22704,3,-0.103,0.312,9.804,4,0.001,-0.001,0.0,5,-0.656,-21.188,-21.525
1537810.28578,3,-0.1,0.314,9.811,4,0.001,-0.001,-0.0,5,-0.956,-21.469,-21.75
1537810.32495,3,-0.105,0.312,9.802,4,0.0,0.0,-0.0,5,-1.181,-21.525,-21.469
1537810.36411,3,-0.1,0.312,9.804,4,0.0,0.0,-0.0,5,-1.2,-21.563,-21.656
1537810.38369,3,-0.105,0.304,9.797,4,-0.001,0.001,-0.0,5,-1.125,-21.731,-21.6
1537810.40328,3,-0.107,0.3,9.804,4,-0.0,0.0,0.0,5,-0.975,-21.6,-21.6
1537810.44244,3,-0.095,0.312,9.802,4,-0.001,0.0,0.0,5,-1.256,-21.319,-21.544
1537810.46202,3,-0.098,0.307,9.811,4,-0.001,0.0,-0.0,5,-1.088,-21.394,-21.581
1537810.48161,3,-0.103,0.312,9.806,4,-0.001,0.0,0.0,5,-0.956,-21.431,-21.825
1537810.50119,3,-0.098,0.312,9.797,4,-0.0,0.001,0.0,5,-1.05,-21.394,-21.6
1537810.52077,3,-0.1,0.309,9.814,4,0.001,-0.001,0.001,5,-0.956,-21.488,-21.45
1537810.54035,3,-0.088,0.307,9.806,4,0.0,-0.001,0.001,5,-0.825,-21.45,-21.581
1537810.55993,3,-0.095,0.307,9.806,4,-0.0,0.0,0.0,5,-1.031,-21.6,-21.506
1537810.57952,3,-0.105,0.312,9.804,4,-0.0,0.001,-0.0,5,-0.9,-21.6,-21.506
1537810.5991,3,-0.105,0.314,9.804,4,0.0,0.0,-0.0,5,-0.75,-21.638,-21.375
1537810.61868,3,-0.095,0.314,9.804,4,0.0,-0.001,-0.0,5,-1.013,-21.413,-20.981
1537810.65785,3,-0.105,0.309,9.806,4,0.0,-0.001,-0.0,5,-1.106,-21.056,-20.813
1537810.67743,3,-0.1,0.309,9.794,4,0.001,-0.0,-0.001,5,-1.256,-20.944,-20.756
1537810.69701,3,-0.107,0.304,9.806,4,-0.0,0.0,-0.0,5,-1.444,-20.981,-20.663
1537810.71659,3,-0.103,0.307,9.809,4,-0.001,0.001,0.0,5,-1.331,-21.056,-20.869
1537810.73618,3,-0.103,0.314,9.811,4,0.0,0.0,0.0,5,-1.35,-21.225,-21.038
1537810.75576,3,-0.107,0.314,9.816,4,0.0,0.0,-0.0,5,-1.313,-21.281,-20.906
1537810.77534,3,-0.103,0.304,9.816,4,-0.0,0.0,-0.0,5,-1.2,-21.6,-21.056
1537810.79492,3,-0.098,0.304,9.806,4,-0.0,0.001,0.0,5,-1.144,-21.863,-21.038
1537810.8145,3,-0.103,0.307,9.814,4,-0.0,0.0,0.0,5,-1.05,-22.013,-21.263
1537810.83409,3,-0.098,0.304,9.814,4,0.001,-0.001,-0.0,5,-0.75,-22.031,-21.375
1537810.85367,3,-0.107,0.302,9.799,4,-0.0,0.0,0.0,5,-0.694,-22.031,-21.375
1537810.87325,3,-0.1,0.307,9.799,4,-0.0,0.001,0.0,5,-0.75,-21.75,-21.338
1537810.89283,3,-0.098,0.312,9.811,4,-0.0,0.0,-0.0,5,-0.806,-21.75,-21.206
1537810.91242,3,-0.098,0.307,9.814,4,-0.0,0.001,0.0,5,-0.844,-21.6,-21.244
1537810.932,3,-0.107,0.307,9.804,4,0.0,0.0,-0.0,5,-0.806,-21.469,-21.45
1537810.95158,3,-0.103,0.314,9.809,4,-0.001,0.001,-0.0,5,-0.938,-21.281,-21.45
1537810.97116,3,-0.107,0.314,9.809,4,0.0,-0.0,-0.0,5,-0.919,-21.206,-21.394
1537810.99074,3,-0.098,0.297,9.799,4,0.0,-0.001,0.0,5,-1.275,-21.225,-21.638
1537811.02991,3,-0.1,0.307,9.804,4,-0.0,0.0,0.0,5,-1.388,-21.45,-21.994
1537811.04949,3,-0.1,0.314,9.809,4,-0.0,0.0,-0.0,5,-1.125,-21.431,-21.919
1537811.06907,3,-0.103,0.304,9.804,4,0.001,-0.001,0.0,5,-1.294,-21.563,-21.844
1537811.08866,3,-0.103,0.304,9.802,4,-0.0,0.001,0.0,5,-1.463,-21.413,-21.544
1537811.12782,3,-0.1,0.314,9.804,4,-0.0,0.0,0.0,5,-1.331,-21.75,-21.544
1537811.1474,3,-0.1,0.321,9.802,4,-0.0,0.001,-0.0,5,-1.238,-21.656,-21.0
1537811.16699,3,-0.105,0.307,9.809,4,0.0,-0.001,0.0,5,-1.313,-21.619,-20.963
1537811.18657,3,-0.093,0.312,9.806,4,0.0,0.0,-0.0,5,-1.256,-21.525,-20.963
1537811.20615,3,-0.103,0.312,9.806,4,0.0,0.0,0.0,5,-1.538,-21.244,-21.094
1537811.2649,3,-0.103,0.307,9.809,4,0.002,-0.002,-0.0,5,-1.313,-21.281,-21.244
1537811.28448,3,-0.11,0.307,9.802,4,0.0,-0.001,0.0,5,-1.369,-21.188,-21.094
1537811.30406,3,-0.091,0.309,9.802,4,0.001,-0.001,0.0,5,-1.5,-21.094,-21.131
1537811.32364,3,-0.105,0.309,9.804,4,-0.0,-0.001,-0.0,5,-1.425,-21.169,-21.619
1537811.34323,3,-0.103,0.307,9.802,4,-0.0,0.0,-0.0,5,-1.463,-21.225,-21.619
1537811.36281,3,-0.105,0.307,9.809,4,-0.0,0.0,0.0,5,-1.556,-21.075,-21.375
1537811.38239,3,-0.105,0.309,9.804,4,0.0,-0.001,0.0,5,-1.556,-21.263,-21.563
1537811.40197,3,-0.105,0.314,9.816,4,0.0,-0.001,0.0,5,-1.556,-21.319,-21.6
1537811.42156,3,-0.1,0.314,9.797,4,0.0,-0.001,0.0,5,-1.388,-21.431,-21.525
1537811.44114,3,-0.1,0.312,9.814,4,-0.001,0.0,-0.0,5,-1.219,-21.488,-21.6
1537811.46072,3,-0.098,0.312,9.806,4,0.001,-0.001,-0.0,5,-1.2,-21.6,-21.525
1537811.4803,3,-0.105,0.307,9.809,4,0.001,-0.001,-0.0,5,-1.088,-21.525,-21.394
1537811.51947,3,-0.1,0.309,9.809,4,0.001,-0.001,-0.0,5,-1.069,-21.731,-21.675
1537811.53905,3,-0.103,0.309,9.814,4,0.001,-0.001,0.0,5,-1.013,-21.675,-21.638
1537811.55863,3,-0.098,0.3,9.802,4,0.001,-0.0,0.0,5,-0.863,-21.713,-21.694
1537811.57821,3,-0.095,0.309,9.809,4,0.0,0.0,0.0,5,-0.9,-21.825,-21.675
1537811.5978,3,-0.103,0.304,9.802,4,0.0,-0.0,0.0,5,-1.069,-21.9,-21.788
1537811.61738,3,-0.095,0.307,9.814,4,-0.0,0.0,-0.0,5,-1.088,-21.919,-21.825
1537811.63696,3,-0.11,0.307,9.804,4,-0.001,0.001,-0.0,5,-1.125,-21.975,-21.694
1537811.65654,3,-0.098,0.3,9.804,4,-0.0,0.001,0.0,5,-1.163,-21.881,-21.45
1537811.67612,3,-0.095,0.3,9.814,4,0.001,-0.001,0.0,5,-1.031,-22.069,-21.3
1537811.69571,3,-0.1,0.309,9.809,4,0.001,-0.0,-0.0,5,-0.994,-22.125,-21.113
1537811.71529,3,-0.095,0.309,9.814,4,0.0,-0.0,0.0,5,-1.181,-21.938,-21.056
1537811.73487,3,-0.093,0.309,9.804,4,0.0,0.0,0.0,5,-1.088,-21.525,-21.15
1537811.77404,3,-0.1,0.314,9.809,4,0.0,0.0,-0.0,5,-0.919,-21.281,-21.131
1537811.79362,3,-0.098,0.309,9.806,4,-0.001,-0.0,-0.0,5,-0.825,-21.319,-21.319
1537811.83278,3,-0.103,0.312,9.804,4,-0.0,-0.0,0.0,5,-0.356,-21.131,-21.413
1537811.85237,3,-0.098,0.309,9.811,4,-0.0,0.0,0.0,5,-0.338,-21.206,-21.394
1537811.87195,3,-0.112,0.312,9.811,4,-0.0,0.0,0.0,5,-0.394,-21.394,-21.45
1537811.89153,3,-0.1,0.312,9.811,4,-0.0,-0.0,0.0,5,-0.544,-21.506,-21.563
1537811.91111,3,-0.103,0.302,9.804,4,-0.0,0.0,-0.0,5,-0.525,-21.581,-21.731
1537811.93069,3,-0.103,0.312,9.804,4,-0.0,0.0,-0.0,5,-0.6,-21.638,-21.6
1537811.95028,3,-0.119,0.312,9.797,4,-0.0,0.0,0.0,5,-0.956,-21.525,-21.675
1537811.96986,3,-0.103,0.307,9.799,4,0.001,0.0,0.0,5,-1.125,-21.375,-21.75
1537811.98944,3,-0.098,0.304,9.797,4,-0.0,0.0,-0.0,5,-1.313,-21.431,-21.713
1537812.00902,3,-0.1,0.314,9.804,4,-0.001,0.0,0.0,5,-1.481,-21.469,-21.713
1537812.02861,3,-0.112,0.304,9.814,4,-0.001,0.0,0.0,5,-1.294,-21.338,-21.656
1537812.06777,3,-0.1,0.321,9.809,4,-0.001,0.0,0.0,5,-0.919,-21.281,-21.225
1537812.10693,3,-0.1,0.314,9.806,4,-0.0,0.001,0.0,5,-0.919,-21.431,-20.85
1537812.16568,3,-0.105,0.309,9.804,4,-0.0,0.0,-0.0,5,-0.844,-21.281,-20.831
1537812.20485,3,-0.091,0.314,9.816,4,0.001,-0.0,0.0,5,-1.181,-21.206,-20.906
1537812.22443,3,-0.105,0.302,9.806,4,-0.001,0.001,-0.0,5,-1.2,-21.094,-21.075
1537812.24401,3,-0.098,0.304,9.802,4,-0.0,-0.0,0.0,5,-1.331,-21.225,-21.075
1537812.26359,3,-0.11,0.316,9.804,4,0.0,-0.0,-0.0,5,-1.238,-21.413,-21.131
1537812.30276,3,-0.105,0.304,9.804,4,0.0,-0.0,0.0,5,-1.369,-21.319,-21.469
1537812.32234,3,-0.103,0.316,9.802,4,0.001,-0.0,0.0,5,-1.256,-21.188,-21.638
1537812.34192,3,-0.1,0.307,9.797,4,-0.001,0.0,0.0,5,-1.35,-21.225,-21.638
1537812.3615,3,-0.1,0.312,9.811,4,0.0,0.0,-0.0,5,-1.219,-21.413,-21.544
1537812.38109,3,-0.105,0.312,9.804,4,0.001,-0.001,0.0,5,-1.163,-21.431,-21.469
1537812.40067,3,-0.112,0.309,9.806,4,0.0,-0.001,-0.0,5,-1.219,-21.525,-21.525
1537812.42025,3,-0.1,0.312,9.809,4,0.001,-0.0,-0.0,5,-1.238,-21.413,-21.488
1537812.43983,3,-0.1,0.309,9.809,4,-0.001,0.001,0.0,5,-1.331,-21.413,-21.544
1537812.45942,3,-0.1,0.312,9.802,4,-0.001,0.0,0.0,5,-0.994,-21.619,-21.694
1537812.479,3,-0.103,0.316,9.802,4,0.001,-0.0,-0.0,5,-1.013,-21.788,-21.525
1537812.51816,3,-0.095,0.314,9.804,4,-0.001,0.0,-0.0,5,-0.844,-22.013,-21.544
1537812.53774,3,-0.11,0.312,9.806,4,-0.001,-0.0,-0.0,5,-0.863,-21.994,-21.619
1537812.55733,3,-0.107,0.314,9.797,4,-0.001,0.001,-0.0,5,-0.844,-21.75,-21.638
1537812.57691,3,-0.105,0.307,9.802,4,0.001,-0.001,-0.0,5,-0.75,-21.844,-21.544
1537812.59649,3,-0.098,0.314,9.802,4,0.001,-0.001,-0.0,5,-0.525,-21.844,-21.394
1537812.61607,3,-0.098,0.302,9.802,4,0.001,-0.0,-0.0,5,-0.619,-21.75,-21.206
1537812.63566,3,-0.105,0.309,9.806,4,-0.001,0.001,-0.0,5,-0.6,-21.731,-21.319
1537812.65524,3,-0.103,0.314,9.809,4,-0.001,0.001,-0.0,5,-0.656,-21.506,-21.431
1537812.67482,3,-0.1,0.309,9.811,4,0.001,-0.001,-0.0,5,-0.731,-21.244,-21.694
1537812.6944,3,-0.095,0.312,9.799,4,-0.001,0.0,-0.0,5,-0.938,-21.356,-21.956
1537812.71399,3,-0.105,0.307,9.806,4,-0.001,0.0,-0.0,5,-0.938,-21.544,-22.013
1537812.73357,3,-0.11,0.302,9.804,4,-0.002,0.001,0.0,5,-0.938,-21.581,-22.069
1537812.75315,3,-0.11,0.309,9.802,4,0.0,-0.0,0.0,5,-1.294,-21.488,-22.219
1537812.77273,3,-0.095,0.304,9.804,4,-0.001,-0.0,-0.0,5,-1.444,-21.619,-22.388
1537812.79231,3,-0.093,0.309,9.799,4,-0.001,0.001,-0.0,5,-1.425,-21.506,-22.275
1537812.8119,3,-0.098,0.309,9.806,4,-0.001,0.001,-0.0,5,-1.481,-21.6,-22.181
1537812.83148,3,-0.095,0.312,9.811,4,0.001,-0.0,-0.0,5,-1.463,-21.806,-21.975
1537812.85106,3,-0.107,0.314,9.804,4,-0.001,0.001,-0.0,5,-1.369,-21.769,-21.731
1537812.87064,3,-0.095,0.326,9.809,4,-0.001,0.001,-0.0,5,-1.313,-21.806,-21.544
1537812.89023,3,-0.103,0.307,9.804,4,0.0,-0.0,0.0,5,-1.331,-21.694,-21.431
1537812.90981,3,-0.103,0.309,9.794,4,0.0,-0.0,-0.0,5,-1.088,-21.619,-21.206
1537812.92939,3,-0.1,0.319,9.799,4,-0.001,0.0,0.0,5,-1.013,-21.525,-21.113
1537812.94897,3,-0.107,0.307,9.806,4,0.001,-0.0,0.0,5,-1.031,-21.581,-21.225
1537812.96856,3,-0.098,0.304,9.806,4,-0.001,0.001,-0.0,5,-0.975,-21.581,-21.038
1537812.98814,3,-0.11,0.309,9.802,4,0.0,0.0,0.0,5,-0.863,-21.619,-20.831
1537813.00772,3,-0.098,0.312,9.804,4,-0.001,0.001,0.0,5,-0.956,-21.431,-20.925
1537813.0273,3,-0.105,0.314,9.794,4,0.0,0.0,-0.0,5,-0.938,-21.356,-21.038
1537813.06647,3,-0.098,0.307,9.806,4,0.0,-0.0,0.0,5,-0.994,-21.413,-21.188
1537813.10563,3,-0.103,0.309,9.811,4,0.0,-0.0,-0.0,5,-0.938,-21.356,-21.094
1537813.12521,3,-0.098,0.307,9.809,4,0.0,-0.0,0.0,5,-0.675,-21.338,-21.038
1537813.16438,3,-0.103,0.314,9.797,4,0.0,-0.0,0.0,5,-0.488,-21.188,-21.45
1537813.18396,3,-0.103,0.319,9.797,4,0.0,-0.0,0.0,5,-0.469,-21.3,-21.431
1537813.20354,3,-0.107,0.304,9.797,4,0.0,0.0,-0.0,5,-0.488,-21.15,-21.356
1537813.22312,3,-0.117,0.309,9.804,4,0.0,0.0,-0.0,5,-0.6,-21.038,-21.375
1537813.24271,3,-0.1,0.316,9.804,4,0.001,-0.002,-0.0,5,-0.9,-20.869,-21.338
1537813.26229,3,-0.105,0.312,9.809,4,-0.0,0.0,0.0,5,-0.9,-20.831,-21.338
1537813.28187,3,-0.098,0.304,9.804,4,-0.001,0.001,0.0,5,-1.088,-20.831,-21.244
1537813.30145,3,-0.098,0.319,9.804,4,-0.001,0.001,-0.0,5,-1.256,-20.756,-21.263
1537813.32104,3,-0.098,0.3,9.809,4,-0.001,0.001,-0.0,5,-1.163,-20.663,-21.225
1537813.34062,3,-0.098,0.307,9.802,4,-0.0,0.0,-0.0,5,-0.956,-20.869,-21.056
1537813.37978,3,-0.103,0.312,9.802,4,0.0,0.0,-0.0,5,-0.919,-21.056,-21.544
1537813.39937,3,-0.103,0.312,9.794,4,-0.0,0.001,-0.0,5,-0.731,-21.281,-21.45
1537813.41895,3,-0.1,0.312,9.802,4,0.0,0.0,0.0,5,-0.656,-21.3,-21.3
1537813.43853,3,-0.093,0.304,9.804,4,0.0,0.0,0.0,5,-0.563,-21.356,-21.488
1537813.45811,3,-0.103,0.307,9.802,4,0.001,0.0,0.0,5,-0.731,-21.619,-21.469
1537813.47769,3,-0.1,0.304,9.802,4,0.0,0.0,0.0,5,-0.656,-21.788,-21.356
1537813.51686,3,-0.112,0.314,9.797,4,-0.0,0.001,-0.0,5,-0.806,-21.806,-21.375
1537813.53644,3,-0.107,0.316,9.806,4,-0.0,0.001,0.0,5,-0.938,-21.9,-21.281
1537813.55602,3,-0.098,0.307,9.809,4,0.001,-0.001,0.0,5,-0.769,-21.788,-21.45
1537813.57561,3,-0.103,0.302,9.802,4,-0.0,0.0,0.0,5,-0.844,-21.956,-21.506
1537813.59519,3,-0.107,0.309,9.804,4,-0.001,0.001,-0.0,5,-0.956,-22.2,-21.338
1537813.61477,3,-0.103,0.307,9.802,4,-0.0,0.0,-0.0,5,-0.825,-21.938,-21.225
1537813.63435,3,-0.098,0.319,9.814,4,0.001,-0.001,0.0,5,-1.106,-21.938,-21.169
1537813.65393,3,-0.1,0.309,9.806,4,0.001,-0.001,0.0,5,-1.2,-21.994,-20.888
1537813.67352,3,-0.098,0.304,9.799,4,-0.0,0.0,-0.0,5,-1.106,-21.9,-20.756
1537813.71268,3,-0.105,0.309,9.802,4,0.001,0.0,-0.0,5,-0.825,-22.05,-20.569
1537813.73226,3,-0.103,0.319,9.806,4,0.001,-0.001,0.0,5,-0.731,-21.806,-20.813
1537813.75185,3,-0.103,0.316,9.804,4,0.0,-0.001,0.0,5,-0.788,-21.525,-21.0
1537813.77143,3,-0.105,0.304,9.806,4,0.001,-0.001,0.0,5,-0.975,-21.525,-21.225
1537813.79101,3,-0.107,0.316,9.809,4,-0.0,-0.001,0.0,5,-0.956,-21.45,-21.394
1537813.81059,3,-0.11,0.304,9.804,4,-0.001,0.0,0.0,5,-1.088,-21.525,-21.506
1537813.83018,3,-0.103,0.302,9.799,4,-0.0,-0.001,0.0,5,-1.013,-21.488,-21.806
1537813.84976,3,-0.103,0.309,9.797,4,0.001,-0.001,-0.0,5,-0.994,-21.413,-21.788
1537813.86934,3,-0.105,0.307,9.802,4,0.0,-0.001,-0.0,5,-1.313,-21.488,-21.806
1537813.88892,3,-0.115,0.307,9.806,4,-0.001,0.0,0.0,5,-1.369,-21.45,-21.431
1537813.9085,3,-0.1,0.314,9.809,4,0.0,0.0,-0.0,5,-1.313,-21.45,-21.338
1537813.92809,3,-0.093,0.302,9.804,4,-0.0,0.0,0.0,5,-1.125,-21.544,-21.244
1537813.94767,3,-0.095,0.312,9.814,4,0.0,-0.0,-0.0,5,-1.144,-21.619,-21.263
1537813.96725,3,-0.093,0.302,9.806,4,-0.001,0.001,-0.0,5,-0.975,-21.356,-21.338
1537813.98683,3,-0.1,0.312,9.799,4,-0.001,0.0,-0.0,5,-0.9,-21.394,-21.131
1537814.026,3,-0.103,0.314,9.802,4,0.001,-0.0,-0.0,5,-0.769,-21.225,-21.113
1537814.06516,3,-0.088,0.304,9.806,4,0.001,-0.0,0.0,5,-0.75,-21.244,-21.356
1537814.10433,3,-0.103,0.309,9.802,4,-0.001,0.0,-0.0,5,-0.994,-21.338,-21.3
1537814.12391,3,-0.1,0.304,9.806,4,-0.001,0.001,0.0,5,-0.975,-21.075,-21.188
1537814.14349,3,-0.095,0.309,9.804,4,0.0,0.0,-0.0,5,-1.106,-21.3,-21.094
1537814.16307,3,-0.093,0.314,9.799,4,0.0,-0.0,0.0,5,-1.125,-21.169,-21.15
1537814.18266,3,-0.098,0.314,9.811,4,0.001,-0.001,0.0,5,-1.181,-21.169,-21.188
1537814.20224,3,-0.105,0.304,9.804,4,0.001,-0.0,-0.0,5,-1.106,-21.225,-21.15
1537814.22182,3,-0.098,0.307,9.806,4,0.0,-0.0,-0.0,5,-1.031,-21.3,-21.319
1537814.2414,3,-0.107,0.309,9.804,4,0.001,-0.0,0.0,5,-1.088,-21.3,-20.944
1537814.26099,3,-0.098,0.312,9.802,4,0.001,-0.0,0.0,5,-0.938,-21.019,-20.944
1537814.28057,3,-0.103,0.312,9.802,4,0.0,-0.0,0.0,5,-0.638,-21.094,-20.925
1537814.31973,3,-0.1,0.307,9.804,4,0.001,-0.001,0.0,5,-0.769,-21.038,-21.0
1537814.33931,3,-0.098,0.304,9.797,4,-0.001,0.0,0.0,5,-0.713,-20.944,-21.188
1537814.3589,3,-0.105,0.304,9.799,4,-0.001,0.0,0.0,5,-0.713,-21.038,-21.188
1537814.37848,3,-0.1,0.312,9.811,4,0.0,0.0,0.0,5,-0.994,-20.888,-21.094
1537814.39806,3,-0.103,0.307,9.809,4,0.0,-0.0,0.0,5,-0.938,-20.981,-21.281
1537814.41764,3,-0.105,0.314,9.806,4,0.001,-0.0,0.0,5,-0.825,-21.3,-21.169
1537814.43723,3,-0.103,0.316,9.809,4,0.001,-0.0,-0.0,5,-1.125,-21.413,-21.225
1537814.47639,3,-0.093,0.307,9.806,4,0.0,0.0,-0.0,5,-1.125,-21.563,-20.906
1537814.49597,3,-0.093,0.309,9.799,4,0.001,-0.0,0.0,5,-1.125,-21.563,-20.906
1537814.51556,3,-0.107,0.312,9.806,4,0.001,0.0,-0.0,5,-1.219,-21.563,-21.0
1537814.53514,3,-0.095,0.312,9.809,4,0.001,-0.0,-0.0,5,-1.031,-21.656,-21.0
1537814.55472,3,-0.098,0.302,9.806,4,0.0,-0.0,-0.001,5,-1.05,-21.825,-21.075
1537814.5743,3,-0.1,0.304,9.802,4,-0.001,0.001,-0.0,5,-1.125,-21.656,-21.244
1537814.59388,3,-0.1,0.309,9.811,4,-0.001,0.001,-0.0,5,-1.069,-21.656,-21.338
1537814.61347,3,-0.098,0.302,9.806,4,-0.0,0.0,0.0,5,-1.238,-21.694,-21.619
1537814.63305,3,-0.1,0.307,9.797,4,0.001,-0.0,0.0,5,-1.031,-21.525,-21.506
1537814.65263,3,-0.103,0.312,9.802,4,0.001,-0.0,0.0,5,-1.2,-21.469,-21.356
1537814.6918,3,-0.103,0.309,9.809,4,-0.0,0.0,0.0,5,-1.219,-21.319,-21.188
1537814.71138,3,-0.107,0.304,9.809,4,0.001,0.0,0.0,5,-1.369,-21.038,-21.131
1537814.73096,3,-0.107,0.314,9.811,4,0.0,-0.0,0.0,5,-1.256,-21.113,-20.869
1537814.75054,3,-0.105,0.316,9.799,4,-0.0,-0.001,0.0,5,-1.106,-21.15,-20.475
1537814.77013,3,-0.105,0.302,9.809,4,-0.001,0.001,0.0,5,-0.788,-21.056,-20.419
1537814.78971,3,-0.095,0.3,9.809,4,-0.001,0.001,-0.0,5,-1.069,-21.056,-20.55
1537814.80929,3,-0.1,0.314,9.799,4,-0.0,-0.0,-0.0,5,-0.956,-21.206,-20.663
1537814.82887,3,-0.107,0.309,9.806,4,-0.001,0.0,-0.0,5,-0.788,-20.963,-20.944
1537814.84845,3,-0.105,0.302,9.804,4,-0.001,0.001,0.0,5,-0.825,-21.338,-20.944
1537814.86804,3,-0.1,0.312,9.804,4,-0.0,0.0,0.0,5,-0.769,-21.431,-20.906
1537814.9072,3,-0.103,0.307,9.809,4,-0.0,0.0,0.0,5,-0.881,-21.281,-21.431
1537814.92678,3,-0.11,0.307,9.809,4,-0.001,0.001,-0.0,5,-0.994,-21.45,-21.413
1537814.98553,3,-0.095,0.314,9.804,4,0.0,-0.0,0.0,5,-0.806,-21.731,-21.6
1537815.00511,3,-0.105,0.316,9.797,4,0.0,-0.0,0.0,5,-0.825,-21.9,-21.488
1537815.02469,3,-0.103,0.316,9.809,4,0.0,-0.0,-0.0,5,-0.9,-21.844,-21.525
1537815.04428,3,-0.11,0.312,9.804,4,0.0,-0.0,-0.0,5,-0.9,-22.031,-21.488
1537815.06386,3,-0.105,0.304,9.811,4,0.0,-0.0,0.0,5,-0.975,-21.956,-21.413
1537815.08344,3,-0.105,0.309,9.799,4,-0.0,-0.0,0.0,5,-1.256,-21.994,-21.45
1537815.10302,3,-0.098,0.312,9.804,4,-0.001,0.0,0.0,5,-1.294,-21.694,-21.525
1537815.12261,3,-0.098,0.314,9.811,4,0.001,-0.001,-0.0,5,-1.5,-21.45,-21.563
1537815.14219,3,-0.091,0.309,9.806,4,0.001,-0.0,0.0,5,-1.425,-21.431,-21.338
1537815.16177,3,-0.098,0.3,9.804,4,-0.001,-0.0,0.0,5,-1.406,-21.356,-21.319
1537815.18135,3,-0.105,0.312,9.804,4,-0.001,0.0,0.0,5,-1.181,-21.394,-21.131
1537815.20094,3,-0.105,0.312,9.811,4,-0.0,0.0,0.0,5,-1.331,-21.338,-21.169
1537815.22052,3,-0.105,0.304,9.799,4,0.001,-0.001,0.0,5,-1.256,-21.356,-21.188
1537815.2401,3,-0.105,0.307,9.799,4,-0.0,-0.0,-0.0,5,-1.069,-21.45,-21.15
1537815.25968,3,-0.107,0.312,9.802,4,0.001,-0.0,-0.0,5,-1.088,-21.563,-21.169
1537815.27926,3,-0.1,0.302,9.811,4,-0.001,0.001,-0.0,5,-0.956,-21.6,-20.981
1537815.29885,3,-0.105,0.309,9.804,4,-0.001,0.0,-0.0,5,-1.031,-21.488,-20.831
1537815.31843,3,-0.107,0.302,9.811,4,0.0,0.0,-0.0,5,-1.088,-21.469,-20.944
1537815.33801,3,-0.095,0.314,9.811,4,0.0,0.0,-0.0,5,-1.2,-21.394,-21.244
1537815.35759,3,-0.105,0.314,9.794,4,0.001,-0.001,0.0,5,-0.956,-21.075,-21.244
1537815.37718,3,-0.107,0.314,9.799,4,-0.001,0.0,-0.0,5,-0.938,-21.056,-21.038
1537815.39676,3,-0.098,0.312,9.806,4,-0.001,0.001,0.0,5,-0.806,-21.056,-21.169
1537815.41634,3,-0.103,0.307,9.804,4,-0.001,0.001,0.0,5,-0.825,-20.981,-21.15
1537815.45551,3,-0.105,0.307,9.804,4,-0.001,0.0,-0.0,5,-0.6,-21.0,-21.356
1537815.47509,3,-0.103,0.309,9.802,4,-0.001,0.001,-0.0,5,-0.713,-21.113,-21.338
1537815.49467,3,-0.11,0.307,9.806,4,-0.001,0.0,0.0,5,-0.619,-21.019,-21.094
1537815.53383,3,-0.095,0.307,9.811,4,-0.0,0.0,0.0,5,-0.788,-21.169,-21.338
1537815.55342,3,-0.11,0.304,9.804,4,-0.001,-0.0,0.0,5,-0.919,-20.981,-21.244
1537815.573,3,-0.11,0.309,9.802,4,0.001,-0.001,0.0,5,-0.938,-21.0,-21.206
1537815.59258,3,-0.098,0.3,9.806,4,0.001,-0.0,-0.0,5,-1.181,-21.225,-21.338
1537815.61216,3,-0.11,0.309,9.809,4,-0.0,0.0,0.0,5,-1.2,-21.206,-21.263
1537815.63175,3,-0.103,0.314,9.816,4,-0.002,0.002,0.0,5,-0.956,-20.944,-21.131
1537815.65133,3,-0.1,0.314,9.804,4,-0.002,0.002,-0.0,5,-1.256,-20.981,-21.206
1537815.67091,3,-0.103,0.312,9.806,4,0.0,0.0,0.0,5,-1.275,-21.019,-21.244
1537815.69049,3,-0.112,0.312,9.809,4,-0.001,0.001,-0.0,5,-1.144,-20.981,-21.338
1537815.71007,3,-0.112,0.309,9.809,4,-0.001,0.001,0.0,5,-1.125,-21.113,-21.319
1537815.74924,3,-0.103,0.319,9.797,4,0.001,0.0,0.0,5,-1.05,-21.413,-21.094
1537815.7884,3,-0.112,0.3,9.806,4,-0.001,0.001,-0.0,5,-1.013,-21.75,-20.981
1537815.82757,3,-0.107,0.307,9.802,4,-0.0,0.0,-0.0,5,-1.069,-21.75,-20.888
1537815.88632,3,-0.098,0.309,9.797,4,0.001,-0.001,-0.0,5,-1.294,-21.656,-21.038
1537815.92548,3,-0.103,0.312,9.802,4,0.0,-0.001,-0.0,5,-1.519,-21.469,-20.944
1537815.94506,3,-0.1,0.309,9.804,4,0.002,-0.001,0.0,5,-1.556,-21.563,-21.113
1537815.98423,3,-0.103,0.316,9.794,4,0.0,-0.0,0.0,5,-1.631,-21.788,-21.056
1537816.00381,3,-0.098,0.314,9.806,4,0.0,-0.001,-0.0,5,-1.256,-21.731,-21.113
1537816.02339,3,-0.103,0.309,9.799,4,0.0,0.001,0.0,5,-1.144,-21.9,-21.15
1537816.06256,3,-0.095,0.302,9.809,4,0.001,-0.001,0.0,5,-0.956,-21.994,-21.056
1537816.10172,3,-0.103,0.309,9.804,4,0.0,-0.001,0.0,5,-0.769,-21.75,-21.506
1537816.14089,3,-0.103,0.314,9.806,4,-0.0,-0.0,0.0,5,-0.694,-21.431,-21.338
1537816.16047,3,-0.107,0.307,9.799,4,0.001,-0.0,0.0,5,-0.881,-21.525,-21.375
1537816.19963,3,-0.095,0.312,9.811,4,-0.0,-0.0,0.0,5,-1.031,-21.338,-21.338
1537816.2388,3,-0.103,0.314,9.797,4,0.001,-0.001,0.0,5,-0.769,-21.244,-21.0
1537816.25838,3,-0.107,0.314,9.802,4,-0.0,0.0,0.0,5,-0.806,-21.431,-20.756
1537816.27796,3,-0.095,0.307,9.811,4,-0.0,0.0,0.0,5,-0.619,-21.525,-20.888
1537816.31713,3,-0.093,0.312,9.799,4,-0.0,0.001,-0.0,5,-0.619,-21.713,-20.831
1537816.33671,3,-0.1,0.312,9.799,4,0.0,0.0,-0.0,5,-0.413,-21.506,-20.906
1537816.35629,3,-0.103,0.316,9.806,4,-0.0,0.0,-0.0,5,-0.375,-21.188,-20.813
1537816.37587,3,-0.107,0.312,9.802,4,0.001,-0.001,-0.0,5,-0.525,-21.338,-20.813
1537816.39546,3,-0.105,0.302,9.809,4,0.0,-0.001,0.0,5,-0.844,-21.338,-21.038
1537816.41504,3,-0.112,0.309,9.754,4,0.001,0.0,0.0,5,-0.844,-21.281,-21.094
1537816.43462,3,-0.1,0.324,9.871,4,0.001,-0.002,0.0,5,-0.938,-21.225,-21.094
1537816.47378,3,-0.1,0.319,9.775,4,0.001,0.0,-0.0,5,-0.9,-20.906,-20.944
1537816.49337,3,-0.095,0.316,9.816,4,0.001,-0.001,0.0,5,-1.013,-21.113,-21.056
1537816.51295,3,-0.112,0.321,9.78,4,0.001,-0.001,-0.0,5,-0.919,-21.338,-21.094
1537816.53253,3,-0.105,0.304,9.809,4,0.001,-0.001,-0.0,5,-0.881,-21.3,-21.15
1537816.55211,3,-0.107,0.295,9.814,4,0.001,-0.001,0.0,5,-0.863,-21.338,-20.944
1537816.5717,3,-0.103,0.297,9.794,4,0.001,-0.001,0.0,5,-0.956,-21.3,-21.038
1537816.59128,3,-0.095,0.314,9.811,4,0.001,-0.001,0.0,5,-0.938,-21.281,-20.963
1537816.61086,3,-0.098,0.316,9.809,4,0.001,-0.001,0.0,5,-0.938,-21.431,-21.019
1537816.63044,3,-0.095,0.309,9.804,4,-0.0,0.0,-0.0,5,-0.919,-21.6,-21.075
1537816.65002,3,-0.093,0.316,9.799,4,0.0,-0.001,-0.0,5,-1.031,-21.619,-21.094
1537816.66961,3,-0.1,0.324,9.797,4,0.001,0.0,-0.0,5,-1.406,-21.488,-21.094
1537816.68919,3,-0.103,0.319,9.806,4,-0.0,0.0,-0.0,5,-1.519,-21.525,-21.038
1537816.70877,3,-0.107,0.307,9.806,4,0.0,0.0,0.0,5,-1.425,-21.375,-21.225
1537816.72835,3,-0.1,0.326,9.794,4,0.001,-0.001,0.0,5,-1.425,-21.375,-21.225
1537816.74794,3,-0.103,0.316,9.797,4,0.001,-0.001,0.0,5,-1.444,-21.3,-21.338
1537816.76752,3,-0.095,0.312,9.806,4,0.001,-0.001,-0.0,5,-1.425,-21.263,-21.3
1537816.7871,3,-0.103,0.304,9.794,4,0.001,-0.001,-0.0,5,-1.575,-21.169,-21.394
1537816.82627,3,-0.105,0.309,9.802,4,0.001,0.0,-0.0,5,-1.35,-21.319,-20.85
1537816.84585,3,-0.105,0.307,9.804,4,0.0,0.0,-0.0,5,-1.2,-21.338,-20.775
1537816.86543,3,-0.105,0.312,9.797,4,0.001,-0.002,-0.0,5,-1.163,-21.3,-20.869
1537816.88501,3,-0.093,0.309,9.799,4,0.001,-0.001,-0.0,5,-1.181,-21.169,-20.981
1537816.92418,3,-0.095,0.307,9.792,4,0.0,0.0,-0.0,5,-1.275,-21.169,-21.075
1537816.94376,3,-0.091,0.314,9.806,4,-0.0,0.0,-0.0,5,-1.294,-21.3,-20.963
1537816.96334,3,-0.1,0.319,9.806,4,0.0,0.0,0.0,5,-1.05,-21.394,-20.869
1537816.98292,3,-0.103,0.302,9.797,4,0.001,0.0,0.0,5,-1.088,-21.394,-21.056
1537817.00251,3,-0.098,0.302,9.804,4,0.0,0.0,-0.0,5,-1.013,-21.225,-21.394
1537817.02209,3,-0.105,0.307,9.802,4,-0.0,0.001,-0.0,5,-1.013,-21.45,-21.488
1537817.04167,3,-0.105,0.309,9.794,4,0.0,0.0,-0.0,5,-0.938,-21.694,-21.375
1537817.06125,3,-0.095,0.309,9.802,4,0.0,0.0,-0.0,5,-0.9,-21.656,-21.375
1537817.08084,3,-0.095,0.312,9.797,4,-0.0,0.0,0.0,5,-0.881,-21.638,-21.263
1537817.10042,3,-0.105,0.309,9.804,4,-0.0,0.0,-0.0,5,-0.975,-21.488,-21.6
