1538028.32876,3,-0.1,0.309,9.797,4,-0.001,0.001,0.0,5,-1.631,-21.581,-20.925
1538028.34834,3,-0.103,0.307,9.778,4,-0.001,0.001,0.0,5,-1.519,-21.413,-21.075
1538028.36793,3,-0.1,0.307,9.787,4,-0.001,0.001,0.0,5,-1.519,-21.263,-21.038
1538028.38751,3,-0.105,0.309,9.792,4,-0.001,0.001,0.0,5,-1.406,-21.338,-20.925
1538028.40709,3,-0.093,0.309,9.785,4,-0.001,0.001,0.0,5,-1.406,-21.375,-20.963
1538028.46583,3,-0.112,0.312,9.797,4,0.001,-0.0,0.0,5,-1.463,-21.319,-21.188
1538028.48542,3,-0.098,0.319,9.792,4,-0.0,0.001,0.0,5,-1.05,-21.506,-21.0
1538028.505,3,-0.103,0.309,9.785,4,-0.001,0.0,0.0,5,-1.088,-21.038,-21.094
1538028.54416,3,-0.1,0.312,9.782,4,0.0,-0.0,0.0,5,-1.031,-21.338,-20.906
1538028.56374,3,-0.098,0.314,9.785,4,-0.001,-0.0,0.0,5,-0.75,-21.244,-20.719
1538028.60291,3,-0.091,0.312,9.785,4,0.0,0.0,-0.0,5,-0.75,-21.413,-21.056
1538028.64207,3,-0.095,0.307,9.792,4,0.0,0.0,0.0,5,-0.675,-21.206,-21.075
1538028.66165,3,-0.095,0.309,9.799,4,-0.0,0.001,0.0,5,-0.863,-21.3,-20.906
1538028.68124,3,-0.103,0.309,9.785,4,0.0,-0.0,0.0,5,-0.881,-21.225,-20.963
1538028.70082,3,-0.112,0.307,9.787,4,-0.0,-0.0,0.0,5,-0.938,-21.356,-20.794
1538028.73998,3,-0.107,0.309,9.787,4,-0.0,-0.001,0.0,5,-1.5,-21.338,-20.813
1538028.75956,3,-0.103,0.309,9.787,4,-0.0,0.0,-0.0,5,-1.538,-21.281,-20.438
1538028.77915,3,-0.103,0.307,9.787,4,0.0,0.001,-0.0,5,-1.631,-21.469,-20.531
1538028.79873,3,-0.095,0.304,9.78,4,0.0,-0.001,0.0,5,-1.744,-21.45,-20.55
1538028.81831,3,-0.095,0.302,9.792,4,-0.0,0.0,0.0,5,-1.819,-21.675,-20.475
1538028.83789,3,-0.103,0.307,9.794,4,0.0,0.0,0.0,5,-1.819,-21.863,-20.531
1538028.85747,3,-0.1,0.314,9.802,4,-0.0,0.0,0.0,5,-1.613,-21.75,-20.681
1538028.87706,3,-0.1,0.307,9.794,4,-0.0,-0.001,-0.0,5,-1.538,-21.638,-20.794
1538028.89664,3,-0.093,0.307,9.797,4,0.0,-0.001,0.0,5,-1.256,-21.45,-20.981
1538028.91622,3,-0.1,0.309,9.797,4,0.0,-0.0,0.0,5,-1.05,-21.525,-21.038
1538028.9358,3,-0.105,0.314,9.787,4,-0.0,-0.0,-0.0,5,-0.938,-21.356,-20.925
1538028.95538,3,-0.11,0.316,9.79,4,-0.0,-0.001,0.0,5,-0.994,-21.488,-21.019
1538028.99455,3,-0.1,0.302,9.792,4,0.0,-0.001,0.0,5,-0.825,-21.356,-21.206
1538029.01413,3,-0.098,0.307,9.785,4,-0.0,0.0,-0.0,5,-0.863,-21.319,-21.3
1538029.03371,3,-0.107,0.316,9.792,4,-0.0,0.001,-0.0,5,-0.769,-21.413,-21.15
1538029.05329,3,-0.107,0.304,9.792,4,-0.0,0.001,0.0,5,-0.919,-21.6,-21.244
1538029.07287,3,-0.103,0.316,9.785,4,0.001,-0.001,-0.0,5,-0.919,-21.45,-21.169
1538029.11204,3,-0.1,0.319,9.797,4,-0.0,0.0,-0.0,5,-0.881,-21.488,-21.206
1538029.1512,3,-0.095,0.307,9.79,4,0.0,0.0,0.0,5,-0.731,-21.375,-21.056
1538029.17078,3,-0.107,0.307,9.792,4,-0.0,0.001,-0.0,5,-0.825,-21.375,-21.019
1538029.19037,3,-0.098,0.316,9.792,4,-0.0,0.001,-0.0,5,-0.731,-21.431,-21.206
1538029.20995,3,-0.1,0.307,9.79,4,0.001,-0.001,0.0,5,-0.713,-21.319,-21.0
1538029.22953,3,-0.093,0.321,9.799,4,0.0,-0.0,0.0,5,-0.881,-21.45,-21.244
1538029.24911,3,-0.107,0.312,9.797,4,0.0,-0.0,0.0,5,-0.806,-21.563,-21.206
1538029.26869,3,-0.105,0.312,9.797,4,0.001,-0.0,0.0,5,-0.769,-21.6,-21.244
1538029.28828,3,-0.098,0.314,9.797,4,-0.0,0.001,0.0,5,-0.863,-21.881,-21.206
1538029.30786,3,-0.103,0.314,9.79,4,0.0,0.0,-0.0,5,-0.938,-21.619,-21.375
1538029.32744,3,-0.1,0.319,9.794,4,0.0,0.0,-0.0,5,-1.031,-21.563,-21.038
1538029.34702,3,-0.098,0.312,9.799,4,-0.0,0.001,-0.0,5,-1.238,-21.394,-20.888
1538029.38619,3,-0.1,0.314,9.802,4,-0.0,0.0,0.0,5,-1.013,-21.581,-20.813
1538029.40577,3,-0.098,0.319,9.799,4,-0.0,0.0,-0.0,5,-1.181,-21.413,-20.944
1538029.42535,3,-0.103,0.314,9.794,4,-0.0,0.0,-0.0,5,-1.106,-21.356,-20.925
1538029.46451,3,-0.1,0.312,9.794,4,-0.0,0.0,0.0,5,-0.975,-21.338,-21.169
1538029.4841,3,-0.103,0.312,9.797,4,0.0,-0.0,0.0,5,-0.844,-21.338,-21.113
1538029.50368,3,-0.105,0.314,9.797,4,0.0,-0.0,0.0,5,-0.619,-21.431,-21.356
1538029.52326,3,-0.1,0.309,9.802,4,0.0,-0.0,0.0,5,-0.694,-21.6,-21.506
1538029.54284,3,-0.105,0.307,9.792,4,0.0,-0.0,0.0,5,-0.825,-21.563,-21.319
1538029.56242,3,-0.105,0.309,9.792,4,0.001,-0.0,-0.0,5,-0.919,-21.713,-21.413
1538029.58201,3,-0.098,0.309,9.804,4,0.0,-0.0,0.0,5,-0.713,-21.731,-21.113
1538029.60159,3,-0.105,0.312,9.792,4,-0.0,0.001,-0.0,5,-0.975,-21.844,-21.131
1538029.62117,3,-0.1,0.319,9.785,4,-0.0,0.0,-0.0,5,-0.956,-21.769,-20.981
1538029.64075,3,-0.095,0.312,9.802,4,0.001,-0.0,0.0,5,-1.088,-21.825,-20.888
1538029.66033,3,-0.107,0.302,9.785,4,0.0,-0.0,0.0,5,-1.125,-21.881,-20.606
1538029.6995,3,-0.098,0.312,9.792,4,-0.0,-0.0,-0.0,5,-0.919,-21.563,-20.494
1538029.71908,3,-0.088,0.312,9.785,4,-0.0,0.0,-0.0,5,-0.919,-21.563,-20.363
1538029.73866,3,-0.105,0.312,9.792,4,0.001,-0.0,0.0,5,-1.088,-21.413,-20.419
1538029.75824,3,-0.093,0.309,9.792,4,0.001,0.0,0.0,5,-1.031,-21.225,-20.381
1538029.77782,3,-0.093,0.309,9.787,4,0.001,-0.001,0.0,5,-1.05,-21.3,-20.344
1538029.81699,3,-0.1,0.309,9.799,4,-0.0,0.0,0.0,5,-1.125,-21.225,-20.606
1538029.83657,3,-0.095,0.319,9.802,4,-0.001,0.001,-0.001,5,-0.975,-21.413,-20.756
1538029.85615,3,-0.11,0.316,9.787,4,0.001,-0.0,-0.0,5,-0.938,-21.413,-20.7
1538029.89532,3,-0.11,0.312,9.79,4,0.001,-0.0,-0.0,5,-1.05,-21.338,-20.625
1538029.9149,3,-0.1,0.321,9.79,4,0.0,0.0,-0.0,5,-1.163,-21.45,-20.513
1538029.93448,3,-0.095,0.307,9.794,4,0.0,-0.0,-0.0,5,-1.313,-21.394,-20.475
1538029.95406,3,-0.1,0.309,9.792,4,-0.0,-0.0,0.0,5,-1.481,-21.6,-20.306
1538029.97364,3,-0.098,0.312,9.79,4,0.0,-0.0,-0.0,5,-1.406,-21.656,-20.231
1538029.99323,3,-0.098,0.312,9.806,4,-0.0,-0.0,0.0,5,-1.594,-21.694,-19.856
1538030.01281,3,-0.107,0.309,9.804,4,0.0,0.0,-0.0,5,-1.538,-21.656,-19.856
1538030.05197,3,-0.1,0.316,9.799,4,0.0,-0.0,0.0,5,-1.5,-21.881,-20.231
1538030.07155,3,-0.103,0.307,9.79,4,0.001,-0.0,0.0,5,-1.425,-22.069,-20.363
1538030.09114,3,-0.088,0.302,9.799,4,0.001,-0.0,0.0,5,-1.631,-22.106,-20.475
1538030.11072,3,-0.093,0.309,9.799,4,0.0,0.0,-0.0,5,-1.538,-22.013,-20.794
1538030.1303,3,-0.093,0.297,9.797,4,0.001,-0.0,0.0,5,-1.669,-22.069,-20.85
1538030.16946,3,-0.107,0.312,9.799,4,0.0,0.0,0.0,5,-1.65,-22.088,-20.981
1538030.18905,3,-0.103,0.312,9.794,4,-0.001,0.0,0.0,5,-1.481,-21.881,-21.038
1538030.20863,3,-0.088,0.312,9.799,4,0.001,-0.0,0.0,5,-1.275,-21.806,-21.056
1538030.22821,3,-0.095,0.312,9.797,4,-0.001,0.0,0.0,5,-1.238,-21.881,-21.319
1538030.24779,3,-0.1,0.314,9.794,4,0.001,-0.001,0.0,5,-0.938,-21.9,-21.394
1538030.26737,3,-0.098,0.307,9.797,4,0.0,-0.0,0.0,5,-0.675,-21.788,-21.375
1538030.32612,3,-0.103,0.309,9.792,4,0.0,-0.0,0.0,5,-0.6,-21.488,-21.563
1538030.3457,3,-0.098,0.312,9.792,4,-0.001,-0.0,0.0,5,-0.694,-21.356,-21.694
1538030.36528,3,-0.1,0.309,9.797,4,0.001,-0.0,-0.0,5,-0.881,-21.844,-21.581
1538030.40445,3,-0.098,0.314,9.799,4,-0.001,0.0,0.0,5,-0.844,-21.413,-21.3
1538030.44361,3,-0.098,0.314,9.797,4,0.001,-0.001,0.0,5,-0.994,-21.544,-21.056
1538030.46319,3,-0.1,0.314,9.775,4,0.001,-0.0,0.0,5,-0.956,-21.825,-20.925
1538030.48278,3,-0.11,0.312,9.787,4,-0.0,-0.0,0.0,5,-0.956,-21.769,-21.019
1538030.50236,3,-0.11,0.314,9.794,4,0.001,-0.0,0.0,5,-0.581,-21.956,-20.981
1538030.52194,3,-0.098,0.297,9.794,4,0.001,-0.001,0.0,5,-0.675,-21.525,-21.113
1538030.54152,3,-0.1,0.314,9.792,4,0.001,0.0,0.0,5,-0.713,-21.244,-20.925
1538030.58069,3,-0.1,0.316,9.792,4,0.001,-0.0,0.0,5,-0.788,-21.563,-21.263
1538030.60027,3,-0.1,0.307,9.797,4,-0.0,-0.0,0.0,5,-0.994,-21.45,-21.206
1538030.61985,3,-0.11,0.314,9.797,4,-0.0,-0.0,0.0,5,-1.219,-21.206,-21.244
1538030.63943,3,-0.105,0.316,9.794,4,-0.0,-0.0,-0.0,5,-1.2,-21.188,-21.038
1538030.65901,3,-0.105,0.314,9.806,4,-0.0,0.0,-0.0,5,-1.725,-21.094,-20.813
1538030.6786,3,-0.091,0.309,9.79,4,0.001,-0.0,0.0,5,-1.65,-21.263,-20.794
1538030.69818,3,-0.095,0.316,9.787,4,-0.0,0.001,0.0,5,-1.481,-21.563,-20.944
1538030.71776,3,-0.093,0.309,9.794,4,0.001,-0.0,0.0,5,-1.35,-21.525,-20.963
1538030.75692,3,-0.098,0.316,9.794,4,-0.0,0.001,-0.0,5,-0.9,-21.45,-20.794
1538030.77651,3,-0.1,0.307,9.802,4,-0.0,0.001,0.0,5,-0.638,-21.619,-20.869
1538030.79609,3,-0.105,0.314,9.787,4,-0.0,-0.0,0.0,5,-0.563,-21.731,-20.888
1538030.81567,3,-0.107,0.316,9.794,4,-0.001,0.001,0.0,5,-0.281,-21.731,-21.056
1538030.83525,3,-0.105,0.321,9.782,4,0.0,-0.0,0.0,5,-0.319,-21.9,-20.981
1538030.85483,3,-0.107,0.316,9.792,4,-0.0,-0.0,0.0,5,-0.356,-21.731,-21.113
1538030.894,3,-0.098,0.314,9.797,4,0.0,-0.0,0.0,5,-0.469,-21.731,-20.85
1538030.91358,3,-0.105,0.314,9.792,4,0.0,-0.0,0.0,5,-0.656,-21.788,-20.906
1538030.93316,3,-0.105,0.312,9.794,4,-0.001,-0.0,0.0,5,-0.544,-21.713,-20.981
1538030.97233,3,-0.112,0.316,9.802,4,0.0,-0.0,0.0,5,-0.581,-21.281,-21.131
1538030.99191,3,-0.098,0.309,9.79,4,-0.001,-0.0,-0.0,5,-0.488,-21.038,-21.225
1538031.01149,3,-0.093,0.312,9.802,4,-0.0,-0.0,-0.0,5,-0.506,-21.206,-20.925
1538031.05065,3,-0.1,0.314,9.797,4,0.001,-0.001,0.0,5,-0.619,-21.094,-21.169
1538031.08982,3,-0.11,0.307,9.802,4,-0.001,0.001,0.0,5,-0.638,-21.394,-21.038
1538031.1094,3,-0.105,0.304,9.79,4,0.001,-0.001,0.0,5,-0.6,-21.225,-20.869
1538031.12898,3,-0.105,0.304,9.794,4,-0.001,0.0,0.0,5,-0.45,-21.319,-21.0
1538031.16815,3,-0.107,0.309,9.797,4,-0.0,-0.0,0.0,5,-0.394,-21.563,-21.0
1538031.18773,3,-0.107,0.312,9.787,4,-0.0,-0.0,0.0,5,-0.338,-21.694,-20.906
1538031.20731,3,-0.095,0.319,9.802,4,-0.0,0.0,0.0,5,-0.338,-21.656,-20.906
1538031.24647,3,-0.1,0.314,9.792,4,-0.001,0.0,0.0,5,-0.394,-21.15,-21.0
1538031.28564,3,-0.093,0.309,9.79,4,-0.0,-0.001,0.0,5,-0.825,-21.9,-20.85
1538031.3248,3,-0.098,0.316,9.797,4,0.0,0.0,-0.0,5,-0.881,-21.619,-20.888
1538031.36397,3,-0.095,0.304,9.799,4,0.0,-0.0,-0.0,5,-0.675,-21.394,-20.719
1538031.38355,3,-0.095,0.312,9.794,4,-0.0,-0.0,-0.001,5,-0.9,-21.281,-20.663
1538031.40313,3,-0.086,0.319,9.799,4,-0.0,-0.0,0.0,5,-1.031,-21.619,-20.756
1538031.44229,3,-0.11,0.304,9.792,4,0.001,-0.001,0.0,5,-0.694,-21.675,-20.738
1538031.46188,3,-0.105,0.304,9.792,4,-0.0,-0.0,0.0,5,-0.694,-21.525,-20.869
1538031.48146,3,-0.095,0.312,9.802,4,-0.0,-0.0,0.0,5,-0.731,-21.75,-20.963
1538031.50104,3,-0.1,0.312,9.79,4,0.001,-0.001,0.0,5,-1.031,-21.544,-21.131
1538031.52062,3,-0.1,0.312,9.79,4,-0.001,0.001,0.0,5,-1.05,-21.619,-21.3
1538031.55979,3,-0.098,0.307,9.792,4,0.001,-0.0,0.0,5,-1.031,-21.675,-20.944
1538031.57937,3,-0.105,0.309,9.79,4,-0.001,0.0,0.0,5,-1.069,-21.525,-20.775
1538031.61853,3,-0.103,0.307,9.797,4,-0.0,-0.0,-0.0,5,-1.144,-21.281,-20.719
1538031.63811,3,-0.093,0.316,9.794,4,-0.001,0.001,0.0,5,-1.106,-20.963,-20.625
1538031.6577,3,-0.086,0.316,9.792,4,-0.0,0.0,0.0,5,-1.031,-21.356,-20.419
1538031.67728,3,-0.095,0.3,9.792,4,-0.0,-0.0,-0.0,5,-0.994,-21.319,-20.419
1538031.69686,3,-0.1,0.309,9.804,4,-0.0,0.0,0.0,5,-0.938,-21.356,-20.681
1538031.71644,3,-0.1,0.314,9.802,4,0.001,0.0,0.0,5,-0.881,-21.356,-20.869
1538031.75561,3,-0.103,0.309,9.79,4,0.001,-0.0,-0.0,5,-0.881,-21.825,-21.094
1538031.77519,3,-0.093,0.302,9.79,4,0.001,0.0,-0.0,5,-0.694,-22.013,-21.038
1538031.81435,3,-0.105,0.319,9.792,4,-0.0,0.0,0.0,5,-0.75,-21.994,-21.019
1538031.83393,3,-0.098,0.312,9.799,4,-0.0,-0.0,0.0,5,-0.938,-21.938,-20.869
1538031.85352,3,-0.105,0.312,9.802,4,0.001,-0.001,-0.0,5,-0.806,-21.844,-20.775
1538031.8731,3,-0.098,0.309,9.797,4,-0.0,0.0,0.0,5,-0.975,-21.769,-20.794
1538031.89268,3,-0.091,0.312,9.799,4,-0.0,-0.0,0.0,5,-1.144,-21.656,-20.869
1538031.91226,3,-0.098,0.314,9.794,4,-0.001,0.0,0.0,5,-1.163,-21.394,-20.569
1538031.93184,3,-0.11,0.304,9.804,4,0.001,0.0,-0.0,5,-1.425,-21.375,-20.55
1538031.97101,3,-0.093,0.304,9.792,4,-0.001,0.0,-0.0,5,-1.425,-21.431,-20.606
1538031.99059,3,-0.105,0.307,9.799,4,-0.0,-0.0,-0.0,5,-1.2,-21.413,-20.494
1538032.02976,3,-0.107,0.316,9.804,4,-0.001,0.001,0.0,5,-1.256,-21.544,-20.119
1538032.06892,3,-0.103,0.312,9.797,4,-0.0,0.0,0.0,5,-1.238,-21.619,-20.269
1538032.0885,3,-0.098,0.312,9.794,4,-0.001,0.0,-0.0,5,-1.069,-21.356,-20.156
1538032.10808,3,-0.1,0.304,9.794,4,-0.001,-0.0,-0.0,5,-0.844,-21.375,-19.913
1538032.12767,3,-0.095,0.312,9.809,4,-0.0,-0.0,-0.0,5,-0.769,-21.319,-19.988
1538032.14725,3,-0.088,0.314,9.794,4,-0.001,0.0,0.0,5,-0.863,-21.356,-20.175
1538032.18641,3,-0.105,0.309,9.811,4,-0.0,-0.0,0.0,5,-0.844,-21.581,-20.138
1538032.20599,3,-0.095,0.307,9.802,4,0.0,-0.0,0.0,5,-0.806,-21.544,-19.95
1538032.24516,3,-0.098,0.302,9.794,4,0.0,-0.0,0.0,5,-0.956,-21.844,-19.95
1538032.28432,3,-0.098,0.314,9.802,4,0.001,-0.001,-0.0,5,-1.256,-21.825,-20.1
1538032.32349,3,-0.1,0.321,9.797,4,0.001,-0.0,-0.0,5,-1.369,-21.731,-19.969
1538032.34307,3,-0.098,0.307,9.804,4,-0.0,0.0,-0.0,5,-1.238,-21.638,-20.025
1538032.36265,3,-0.098,0.316,9.799,4,-0.0,-0.0,0.0,5,-1.256,-21.413,-20.288
1538032.38223,3,-0.103,0.314,9.802,4,0.001,-0.0,0.0,5,-1.219,-21.338,-20.344
1538032.40181,3,-0.091,0.309,9.785,4,-0.0,0.0,-0.0,5,-1.369,-21.375,-20.55
1538032.4214,3,-0.091,0.304,9.794,4,-0.001,0.0,-0.0,5,-1.35,-21.263,-20.85
1538032.44098,3,-0.107,0.312,9.799,4,0.001,-0.0,-0.0,5,-1.181,-21.075,-21.038
1538032.48014,3,-0.103,0.312,9.794,4,-0.001,-0.0,0.0,5,-1.013,-21.244,-21.206
1538032.49972,3,-0.098,0.316,9.792,4,-0.001,-0.0,-0.0,5,-1.275,-21.15,-21.3
1538032.51931,3,-0.095,0.314,9.802,4,0.001,-0.002,0.0,5,-1.35,-21.225,-21.094
1538032.53889,3,-0.095,0.309,9.806,4,0.002,-0.001,0.0,5,-1.444,-21.263,-21.188
1538032.55847,3,-0.103,0.307,9.799,4,0.001,-0.001,0.0,5,-1.181,-21.206,-21.038
1538032.57805,3,-0.095,0.307,9.794,4,-0.001,0.0,0.0,5,-1.106,-21.263,-21.056
1538032.59763,3,-0.1,0.314,9.794,4,-0.001,0.001,0.0,5,-1.031,-21.375,-20.944
1538032.6368,3,-0.098,0.307,9.804,4,0.001,-0.001,0.0,5,-1.031,-21.375,-20.456
1538032.67596,3,-0.103,0.304,9.806,4,0.001,-0.001,0.0,5,-0.919,-21.544,-20.475
1538032.69554,3,-0.095,0.312,9.79,4,-0.001,0.0,0.0,5,-0.806,-21.394,-20.231
1538032.71513,3,-0.098,0.309,9.794,4,0.001,-0.001,0.0,5,-0.825,-21.563,-20.213
1538032.73471,3,-0.095,0.312,9.79,4,0.001,-0.0,0.0,5,-0.994,-21.731,-20.138
1538032.75429,3,-0.098,0.319,9.79,4,-0.0,-0.0,-0.0,5,-1.2,-21.994,-20.25
1538032.77387,3,-0.103,0.319,9.794,4,0.0,-0.001,-0.0,5,-1.388,-22.275,-20.531
1538032.79345,3,-0.105,0.304,9.797,4,-0.0,-0.0,0.0,5,-1.444,-22.013,-20.569
1538032.81304,3,-0.103,0.309,9.797,4,-0.0,0.0,0.0,5,-1.388,-21.788,-20.494
1538032.8522,3,-0.105,0.316,9.797,4,0.0,0.001,-0.0,5,-1.481,-21.956,-20.625
1538032.87178,3,-0.1,0.314,9.79,4,-0.001,0.001,-0.0,5,-1.463,-21.881,-20.55
1538032.89137,3,-0.107,0.312,9.802,4,0.0,-0.0,-0.0,5,-1.669,-21.713,-20.344
1538032.93053,3,-0.11,0.314,9.79,4,0.001,-0.0,-0.0,5,-1.725,-21.469,-20.231
1538032.95011,3,-0.105,0.312,9.799,4,-0.0,-0.0,0.0,5,-1.613,-21.638,-20.288
1538032.98928,3,-0.1,0.319,9.794,4,-0.0,0.001,0.0,5,-1.538,-22.013,-20.475
1538033.00886,3,-0.1,0.312,9.797,4,0.0,-0.0,0.0,5,-1.556,-22.181,-20.588
1538033.02844,3,-0.107,0.316,9.799,4,0.0,-0.001,0.0,5,-1.65,-22.238,-20.644
1538033.04802,3,-0.1,0.312,9.802,4,-0.001,0.001,-0.0,5,-1.163,-22.219,-20.719
1538033.0676,3,-0.095,0.314,9.799,4,0.0,-0.0,0.0,5,-1.013,-21.863,-20.738
1538033.10677,3,-0.11,0.307,9.79,4,0.001,-0.0,0.0,5,-1.013,-21.713,-20.831
1538033.12635,3,-0.1,0.307,9.804,4,0.002,-0.001,0.0,5,-0.956,-21.731,-20.888
1538033.16551,3,-0.1,0.309,9.792,4,-0.0,-0.001,-0.0,5,-0.975,-21.506,-20.85
1538033.1851,3,-0.107,0.314,9.797,4,-0.0,0.001,-0.0,5,-0.788,-21.075,-21.113
1538033.22426,3,-0.1,0.314,9.802,4,-0.001,0.001,-0.0,5,-1.106,-20.85,-21.113
1538033.24384,3,-0.1,0.309,9.792,4,-0.001,0.001,-0.0,5,-1.088,-20.963,-21.094
1538033.26342,3,-0.095,0.309,9.79,4,0.001,-0.001,-0.0,5,-1.125,-21.131,-21.169
1538033.28301,3,-0.095,0.309,9.794,4,0.0,0.001,-0.0,5,-1.106,-21.113,-21.281
1538033.30259,3,-0.098,0.307,9.804,4,-0.001,0.001,-0.0,5,-1.219,-21.131,-21.3
1538033.32217,3,-0.1,0.307,9.799,4,0.0,-0.001,-0.0,5,-1.238,-21.169,-21.244
1538033.34175,3,-0.098,0.309,9.799,4,0.001,-0.001,-0.0,5,-1.256,-21.3,-21.131
1538033.36133,3,-0.112,0.314,9.802,4,0.0,-0.001,0.0,5,-1.444,-21.581,-21.038
1538033.38092,3,-0.105,0.319,9.802,4,0.0,-0.0,0.0,5,-1.106,-21.788,-21.056
1538033.42008,3,-0.103,0.304,9.802,4,0.001,-0.001,-0.0,5,-0.994,-21.769,-20.869
1538033.43966,3,-0.095,0.314,9.799,4,0.001,-0.001,-0.0,5,-0.825,-21.6,-20.888
1538033.45924,3,-0.091,0.309,9.797,4,-0.0,-0.0,-0.0,5,-0.713,-21.356,-20.775
1538033.47883,3,-0.093,0.314,9.799,4,-0.002,0.001,-0.0,5,-0.806,-21.356,-20.775
1538033.49841,3,-0.093,0.307,9.797,4,-0.002,0.001,0.0,5,-0.788,-21.281,-20.663
1538033.51799,3,-0.098,0.312,9.806,4,-0.001,0.001,-0.0,5,-0.713,-21.206,-20.588
1538033.53757,3,-0.098,0.312,9.799,4,-0.002,0.001,-0.0,5,-0.75,-21.206,-20.588
1538033.55716,3,-0.091,0.314,9.802,4,-0.0,-0.0,0.0,5,-0.563,-21.263,-20.55
1538033.59632,3,-0.098,0.316,9.792,4,-0.0,-0.0,0.0,5,-0.938,-21.544,-20.681
1538033.63548,3,-0.1,0.314,9.799,4,0.0,0.001,-0.0,5,-0.825,-21.506,-20.756
1538033.65507,3,-0.1,0.309,9.799,4,0.0,-0.001,-0.0,5,-0.956,-21.694,-20.756
1538033.67465,3,-0.091,0.312,9.804,4,-0.0,-0.0,0.0,5,-0.75,-21.619,-20.738
1538033.69423,3,-0.1,0.312,9.797,4,0.001,-0.001,0.0,5,-0.806,-21.525,-20.7
1538033.71381,3,-0.093,0.314,9.797,4,0.002,-0.001,0.0,5,-1.05,-21.469,-20.663
1538033.73339,3,-0.098,0.309,9.802,4,-0.0,-0.0,-0.0,5,-1.106,-21.638,-20.681
1538033.75298,3,-0.105,0.314,9.797,4,-0.001,0.001,0.0,5,-1.05,-21.488,-20.344
1538033.77256,3,-0.112,0.316,9.797,4,-0.0,-0.0,0.0,5,-1.238,-21.394,-20.438
1538033.79214,3,-0.1,0.314,9.799,4,-0.0,0.001,0.0,5,-1.219,-21.431,-20.363
1538033.81172,3,-0.103,0.307,9.794,4,0.001,-0.001,0.0,5,-0.994,-21.338,-20.494
1538033.8313,3,-0.103,0.307,9.802,4,0.0,-0.0,0.0,5,-0.994,-21.206,-20.306
1538033.85089,3,-0.105,0.304,9.799,4,0.0,-0.0,0.0,5,-1.2,-21.188,-20.363
1538033.89005,3,-0.098,0.312,9.794,4,0.0,-0.0,-0.0,5,-1.069,-20.925,-20.213
1538033.92921,3,-0.11,0.319,9.804,4,-0.0,-0.0,0.0,5,-0.9,-21.263,-20.456
1538033.9488,3,-0.098,0.304,9.797,4,0.0,-0.0,0.0,5,-0.769,-21.375,-20.531
1538033.96838,3,-0.1,0.304,9.792,4,-0.0,0.001,0.0,5,-0.75,-21.169,-20.475
1538034.00754,3,-0.095,0.312,9.792,4,-0.0,-0.0,-0.0,5,-0.9,-21.45,-20.813
1538034.02713,3,-0.093,0.314,9.804,4,0.0,-0.0,0.0,5,-0.919,-21.75,-20.925
1538034.04671,3,-0.098,0.312,9.802,4,0.0,-0.0,0.0,5,-0.638,-21.975,-21.206
1538034.06629,3,-0.098,0.316,9.802,4,-0.001,-0.0,0.0,5,-0.806,-22.144,-20.963
1538034.08587,3,-0.091,0.319,9.799,4,-0.0,-0.0,0.0,5,-1.013,-22.069,-21.019
1538034.12504,3,-0.103,0.307,9.802,4,-0.0,-0.0,0.0,5,-1.05,-22.181,-21.038
1538034.1642,3,-0.098,0.312,9.799,4,-0.0,-0.0,-0.0,5,-1.294,-22.088,-21.094
1538034.18378,3,-0.091,0.316,9.799,4,-0.0,0.001,0.0,5,-1.031,-22.294,-20.981
1538034.20336,3,-0.1,0.314,9.797,4,-0.001,0.001,0.0,5,-1.031,-22.144,-20.981
1538034.22295,3,-0.107,0.302,9.794,4,-0.002,0.001,-0.0,5,-1.144,-22.163,-20.775
1538034.24253,3,-0.103,0.316,9.797,4,0.0,-0.0,0.0,5,-1.088,-21.788,-21.056
1538034.26211,3,-0.091,0.307,9.797,4,-0.0,-0.0,0.0,5,-0.994,-21.731,-21.15
1538034.28169,3,-0.083,0.314,9.802,4,0.0,-0.0,0.0,5,-1.256,-21.638,-20.963
1538034.30127,3,-0.103,0.309,9.794,4,0.001,-0.001,-0.0,5,-1.181,-21.75,-21.075
1538034.32086,3,-0.1,0.312,9.797,4,0.002,-0.001,-0.0,5,-0.975,-21.731,-20.925
1538034.36002,3,-0.095,0.309,9.804,4,-0.0,-0.0,0.0,5,-1.369,-21.45,-20.775
1538034.3796,3,-0.095,0.314,9.787,4,-0.0,-0.0,0.0,5,-1.406,-21.225,-20.775
1538034.39918,3,-0.093,0.302,9.79,4,-0.001,-0.0,-0.0,5,-1.425,-21.394,-20.663
1538034.41877,3,-0.105,0.314,9.797,4,-0.0,-0.0,-0.0,5,-1.35,-21.244,-20.419
1538034.43835,3,-0.098,0.312,9.794,4,0.0,-0.0,0.0,5,-1.031,-21.019,-20.475
1538034.45793,3,-0.105,0.316,9.797,4,-0.001,0.0,-0.0,5,-1.069,-21.056,-20.325
1538034.4971,3,-0.105,0.319,9.802,4,-0.0,0.0,0.0,5,-0.994,-20.944,-20.531
1538034.51668,3,-0.103,0.312,9.794,4,-0.001,0.001,0.0,5,-0.675,-21.019,-20.606
1538034.53626,3,-0.103,0.312,9.797,4,0.0,0.0,0.0,5,-0.806,-20.944,-20.625
1538034.55584,3,-0.095,0.316,9.792,4,0.0,-0.0,0.0,5,-0.713,-21.225,-20.625
1538034.57542,3,-0.105,0.309,9.799,4,-0.0,-0.0,0.0,5,-0.713,-21.413,-20.625
1538034.59501,3,-0.093,0.319,9.804,4,0.0,-0.001,0.0,5,-0.825,-21.525,-20.588
1538034.61459,3,-0.107,0.302,9.794,4,0.001,-0.001,-0.0,5,-0.75,-21.488,-20.419
1538034.63417,3,-0.103,0.321,9.797,4,-0.0,0.0,-0.0,5,-0.731,-21.525,-20.25
1538034.65375,3,-0.091,0.321,9.799,4,0.0,0.0,0.0,5,-0.788,-21.656,-20.063
1538034.67333,3,-0.098,0.312,9.79,4,0.0,-0.0,0.0,5,-1.144,-21.488,-20.231
1538034.69292,3,-0.103,0.314,9.797,4,0.001,-0.0,0.0,5,-1.219,-21.638,-20.325
1538034.7125,3,-0.1,0.314,9.79,4,0.001,-0.0,0.0,5,-1.275,-21.206,-20.4
1538034.73208,3,-0.088,0.314,9.797,4,0.001,-0.0,0.0,5,-1.106,-21.169,-20.325
1538034.75166,3,-0.107,0.314,9.797,4,-0.001,0.0,0.0,5,-0.825,-21.075,-20.25
1538034.77124,3,-0.105,0.304,9.802,4,-0.0,0.0,0.0,5,-0.919,-20.981,-20.475
1538034.79083,3,-0.105,0.304,9.799,4,0.0,-0.001,-0.0,5,-0.788,-21.131,-20.831
1538034.81041,3,-0.107,0.304,9.794,4,0.0,-0.0,-0.001,5,-0.9,-21.113,-21.0
1538034.82999,3,-0.1,0.304,9.79,4,-0.001,0.0,-0.0,5,-0.825,-21.038,-21.019
1538034.86916,3,-0.103,0.304,9.797,4,-0.001,0.001,-0.0,5,-0.806,-20.963,-21.0
1538034.90832,3,-0.103,0.307,9.802,4,0.0,-0.001,-0.0,5,-0.919,-21.056,-21.169
1538034.9279,3,-0.095,0.304,9.802,4,0.0,-0.0,-0.0,5,-1.069,-21.319,-21.244
1538034.96707,3,-0.107,0.304,9.797,4,-0.0,0.0,-0.0,5,-1.013,-20.925,-20.981
1538035.02581,3,-0.095,0.312,9.804,4,-0.0,-0.0,0.0,5,-0.919,-21.394,-20.831
1538035.06498,3,-0.088,0.302,9.785,4,-0.001,-0.0,0.0,5,-0.938,-21.244,-20.775
1538035.08456,3,-0.103,0.3,9.799,4,0.0,0.0,0.0,5,-1.144,-21.131,-20.756
1538035.10414,3,-0.091,0.314,9.797,4,0.001,-0.0,0.0,5,-1.031,-20.963,-20.513
1538035.12372,3,-0.095,0.304,9.797,4,0.0,-0.001,0.0,5,-0.956,-21.263,-20.625
1538035.16289,3,-0.093,0.307,9.794,4,-0.0,-0.0,0.0,5,-0.844,-21.694,-20.475
1538035.18247,3,-0.105,0.304,9.792,4,0.0,0.0,-0.0,5,-0.863,-21.525,-20.269
1538035.20205,3,-0.11,0.312,9.797,4,-0.0,0.0,-0.0,5,-0.9,-21.563,-20.456
1538035.22163,3,-0.103,0.307,9.79,4,-0.0,-0.0,-0.0,5,-1.088,-21.694,-20.588
1538035.24121,3,-0.105,0.304,9.799,4,-0.0,-0.0,-0.0,5,-0.975,-21.806,-20.606
1538035.2608,3,-0.107,0.312,9.802,4,0.001,-0.001,0.0,5,-1.031,-21.713,-20.831
1538035.28038,3,-0.103,0.312,9.802,4,0.001,-0.0,0.0,5,-1.031,-21.375,-20.738
1538035.29996,3,-0.107,0.309,9.802,4,0.001,-0.001,-0.0,5,-1.106,-21.169,-20.944
1538035.31954,3,-0.098,0.309,9.797,4,-0.0,0.0,-0.0,5,-1.125,-21.056,-21.056
1538035.33913,3,-0.098,0.309,9.792,4,-0.001,0.0,-0.0,5,-1.05,-21.188,-21.225
1538035.35871,3,-0.093,0.316,9.802,4,-0.001,0.0,-0.0,5,-0.919,-21.188,-21.038
1538035.37829,3,-0.095,0.297,9.802,4,-0.001,0.0,-0.0,5,-0.806,-21.263,-20.738
1538035.39787,3,-0.107,0.309,9.799,4,-0.001,0.0,-0.0,5,-0.881,-21.338,-20.719
1538035.41745,3,-0.105,0.309,9.797,4,-0.0,-0.001,0.0,5,-0.806,-21.506,-20.644
1538035.43704,3,-0.11,0.312,9.797,4,-0.001,0.0,0.0,5,-0.694,-21.769,-20.775
1538035.4762,3,-0.093,0.302,9.804,4,-0.001,0.0,0.0,5,-0.806,-21.563,-20.475
1538035.49578,3,-0.11,0.316,9.804,4,-0.0,0.0,0.0,5,-0.9,-21.694,-20.419
1538035.53495,3,-0.098,0.314,9.79,4,-0.0,-0.0,-0.0,5,-0.769,-21.863,-20.756
1538035.55453,3,-0.098,0.316,9.802,4,0.0,-0.0,-0.0,5,-0.638,-21.919,-20.775
1538035.57411,3,-0.1,0.309,9.794,4,-0.0,-0.0,0.0,5,-0.731,-21.881,-20.831
1538035.59369,3,-0.11,0.314,9.802,4,-0.001,0.001,0.0,5,-0.881,-21.863,-20.756
1538035.63286,3,-0.091,0.309,9.799,4,-0.0,0.001,-0.0,5,-0.731,-22.181,-21.113
1538035.65244,3,-0.1,0.304,9.804,4,-0.0,-0.0,-0.0,5,-0.825,-22.144,-21.019
1538035.67202,3,-0.095,0.314,9.794,4,-0.001,0.0,0.0,5,-0.975,-21.994,-21.019
1538035.6916,3,-0.093,0.321,9.797,4,0.0,-0.001,0.0,5,-1.088,-21.825,-21.131
1538035.71119,3,-0.103,0.309,9.792,4,0.001,-0.001,0.0,5,-1.256,-21.769,-21.244
1538035.73077,3,-0.095,0.307,9.794,4,-0.0,0.0,-0.0,5,-1.05,-21.825,-21.131
1538035.75035,3,-0.091,0.309,9.799,4,-0.0,-0.0,0.0,5,-1.088,-21.806,-21.3
1538035.76993,3,-0.112,0.314,9.802,4,0.0,-0.001,-0.0,5,-0.919,-21.544,-21.319
1538035.8091,3,-0.095,0.314,9.794,4,0.001,-0.0,-0.0,5,-1.106,-21.413,-21.094
1538035.82868,3,-0.095,0.312,9.802,4,-0.0,0.0,0.0,5,-1.181,-21.488,-21.038
1538035.84826,3,-0.103,0.316,9.792,4,-0.001,0.001,-0.0,5,-1.013,-21.413,-21.056
1538035.86784,3,-0.098,0.309,9.806,4,-0.0,-0.001,0.0,5,-0.919,-21.413,-21.019
1538035.88742,3,-0.098,0.309,9.787,4,0.001,-0.0,0.0,5,-1.013,-21.375,-21.094
1538035.90701,3,-0.098,0.312,9.794,4,0.001,0.0,0.0,5,-0.881,-21.3,-20.869
1538035.94617,3,-0.1,0.314,9.802,4,0.001,-0.0,-0.0,5,-1.069,-21.281,-21.356
1538035.96575,3,-0.1,0.307,9.799,4,0.001,-0.001,0.0,5,-1.031,-21.375,-21.356
1538035.98534,3,-0.1,0.312,9.797,4,-0.001,0.001,0.0,5,-0.881,-21.338,-21.356
1538036.00492,3,-0.095,0.309,9.797,4,-0.001,0.0,0.0,5,-0.825,-21.506,-21.15
1538036.04408,3,-0.093,0.312,9.809,4,-0.0,0.0,0.0,5,-0.919,-21.506,-21.056
1538036.06366,3,-0.107,0.314,9.794,4,0.001,-0.0,0.0,5,-1.125,-21.338,-21.0
1538036.08325,3,-0.105,0.307,9.792,4,0.001,-0.0,0.0,5,-1.256,-21.413,-21.075
1538036.10283,3,-0.103,0.307,9.802,4,-0.001,0.0,0.0,5,-1.088,-21.356,-20.813
1538036.12241,3,-0.093,0.314,9.797,4,-0.001,0.001,-0.0,5,-1.2,-21.375,-20.738
1538036.14199,3,-0.105,0.316,9.794,4,0.001,-0.0,0.0,5,-1.069,-21.244,-20.625
1538036.16157,3,-0.107,0.319,9.804,4,-0.0,-0.0,0.0,5,-1.181,-21.3,-20.55
1538036.20074,3,-0.093,0.316,9.802,4,0.001,-0.0,-0.0,5,-1.294,-20.944,-20.625
1538036.22032,3,-0.086,0.304,9.792,4,-0.0,-0.0,-0.0,5,-1.125,-21.019,-20.55
1538036.25949,3,-0.098,0.309,9.799,4,-0.001,-0.0,0.0,5,-1.125,-21.525,-20.288
1538036.27907,3,-0.103,0.314,9.797,4,-0.0,-0.0,-0.0,5,-0.694,-21.469,-20.213
1538036.29865,3,-0.107,0.309,9.799,4,0.002,-0.001,0.0,5,-0.9,-21.638,-20.231
1538036.31823,3,-0.1,0.304,9.792,4,0.001,-0.001,-0.0,5,-0.75,-21.619,-20.213
1538036.33781,3,-0.095,0.307,9.797,4,-0.0,-0.0,-0.0,5,-0.825,-21.881,-20.475
1538036.3574,3,-0.105,0.302,9.79,4,-0.0,-0.0,0.0,5,-0.563,-22.031,-20.494
1538036.39656,3,-0.1,0.312,9.797,4,-0.0,-0.0,0.0,5,-0.638,-22.238,-20.644
1538036.41614,3,-0.098,0.316,9.799,4,0.0,-0.0,-0.0,5,-0.713,-22.163,-20.85
1538036.45531,3,-0.1,0.312,9.794,4,0.0,-0.001,-0.0,5,-1.013,-22.125,-20.794
1538036.47489,3,-0.103,0.304,9.792,4,-0.0,-0.0,-0.0,5,-1.256,-22.05,-21.0
1538036.49447,3,-0.105,0.309,9.792,4,-0.001,0.001,-0.0,5,-1.238,-21.656,-20.869
1538036.53364,3,-0.093,0.309,9.799,4,0.0,0.0,0.0,5,-1.313,-21.488,-20.719
1538036.55322,3,-0.107,0.309,9.806,4,0.0,0.0,-0.0,5,-1.256,-21.45,-20.775
1538036.59238,3,-0.105,0.319,9.799,4,0.0,-0.001,-0.0,5,-0.938,-21.225,-20.531
1538036.61196,3,-0.107,0.314,9.802,4,-0.001,0.0,-0.0,5,-0.769,-21.244,-20.831
1538036.63155,3,-0.105,0.302,9.797,4,-0.0,-0.0,0.0,5,-0.581,-21.431,-20.963
1538036.67071,3,-0.105,0.314,9.792,4,0.0,-0.0,0.0,5,-0.581,-21.469,-21.019
1538036.69029,3,-0.103,0.304,9.802,4,0.0,-0.0,-0.0,5,-0.825,-21.6,-21.319
1538036.70987,3,-0.1,0.316,9.799,4,0.0,-0.0,0.0,5,-0.806,-21.431,-21.15
1538036.72946,3,-0.103,0.319,9.792,4,-0.0,-0.0,-0.0,5,-0.881,-21.788,-21.094
1538036.76862,3,-0.098,0.314,9.804,4,-0.0,-0.0,0.0,5,-1.331,-21.675,-20.869
1538036.80779,3,-0.1,0.309,9.792,4,0.0,-0.0,0.0,5,-1.406,-21.656,-20.813
1538036.82737,3,-0.107,0.314,9.782,4,0.0,-0.001,-0.0,5,-1.463,-21.581,-20.606
1538036.86653,3,-0.093,0.314,9.802,4,-0.001,0.001,-0.0,5,-1.256,-21.6,-20.531
1538036.9057,3,-0.103,0.314,9.794,4,-0.0,-0.0,-0.0,5,-1.069,-21.244,-20.625
1538036.94486,3,-0.095,0.304,9.802,4,0.0,-0.0,0.001,5,-0.844,-21.206,-20.756
1538036.96444,3,-0.088,0.307,9.797,4,0.0,-0.0,0.0,5,-0.863,-21.281,-20.419
1538036.98402,3,-0.1,0.307,9.804,4,0.0,-0.001,0.0,5,-0.563,-21.3,-20.25
1538037.02319,3,-0.103,0.307,9.792,4,0.0,-0.001,0.0,5,-0.525,-21.169,-20.381
1538037.04277,3,-0.112,0.312,9.797,4,0.0,-0.0,0.0,5,-0.675,-21.206,-20.475
1538037.06235,3,-0.095,0.309,9.797,4,-0.0,-0.0,-0.0,5,-0.525,-21.338,-20.475
1538037.08194,3,-0.107,0.307,9.794,4,0.0,-0.001,0.0,5,-0.375,-21.45,-20.344
1538037.1211,3,-0.095,0.314,9.802,4,0.0,-0.0,-0.0,5,-0.394,-21.563,-20.269
1538037.16026,3,-0.11,0.314,9.794,4,-0.0,-0.0,0.0,5,-0.413,-21.431,-20.663
1538037.17985,3,-0.112,0.312,9.799,4,0.0,-0.0,-0.0,5,-0.506,-21.581,-20.569
1538037.21901,3,-0.093,0.309,9.804,4,0.001,-0.001,-0.0,5,-0.619,-21.656,-20.55
1538037.23859,3,-0.098,0.316,9.797,4,-0.001,0.001,-0.0,5,-0.581,-21.731,-20.719
1538037.25817,3,-0.091,0.316,9.797,4,0.0,-0.001,0.0,5,-0.638,-21.694,-20.944
1538037.27776,3,-0.098,0.319,9.809,4,-0.0,-0.0,-0.0,5,-0.844,-21.656,-20.738
1538037.29734,3,-0.115,0.314,9.802,4,0.0,-0.0,0.0,5,-0.788,-21.806,-20.738
1538037.3365,3,-0.098,0.314,9.799,4,-0.0,0.001,0.0,5,-0.769,-22.05,-20.925
1538037.35609,3,-0.093,0.307,9.804,4,-0.0,0.001,0.0,5,-0.675,-21.956,-20.869
1538037.37567,3,-0.1,0.314,9.799,4,-0.0,0.0,-0.0,5,-0.375,-21.938,-20.756
1538037.39525,3,-0.098,0.307,9.799,4,-0.0,0.0,-0.0,5,-0.375,-21.788,-20.888
1538037.41483,3,-0.1,0.312,9.802,4,-0.001,0.001,0.0,5,-0.281,-21.825,-20.813
1538037.43441,3,-0.122,0.309,9.804,4,0.0,0.0,-0.0,5,-0.131,-22.013,-20.963
1538037.454,3,-0.105,0.314,9.797,4,0.0,0.0,-0.0,5,-0.131,-22.05,-20.738
1538037.47358,3,-0.105,0.312,9.799,4,-0.001,0.0,0.0,5,-0.15,-21.844,-20.438
1538037.49316,3,-0.1,0.312,9.797,4,0.0,0.0,0.0,5,0.094,-21.788,-20.494
1538037.51274,3,-0.1,0.316,9.79,4,0.0,0.0,0.0,5,-0.281,-21.975,-20.775
1538037.55191,3,-0.098,0.316,9.804,4,-0.001,0.001,0.0,5,-0.563,-22.125,-20.869
1538037.57149,3,-0.091,0.314,9.811,4,0.0,-0.001,-0.0,5,-0.656,-22.219,-21.131
1538037.59107,3,-0.105,0.321,9.799,4,0.0,-0.001,-0.0,5,-0.713,-22.088,-21.263
1538037.61065,3,-0.103,0.316,9.792,4,0.0,0.0,-0.0,5,-0.75,-22.031,-21.375
1538037.63024,3,-0.1,0.314,9.794,4,0.0,0.0,0.0,5,-0.694,-21.975,-21.45
1538037.64982,3,-0.105,0.319,9.804,4,-0.0,0.0,0.0,5,-0.938,-21.975,-21.675
1538037.6694,3,-0.103,0.314,9.794,4,0.0,0.0,-0.0,5,-1.031,-21.919,-21.488
1538037.70856,3,-0.11,0.304,9.802,4,-0.002,0.001,-0.0,5,-1.031,-21.581,-21.188
1538037.74773,3,-0.105,0.314,9.804,4,-0.0,0.001,0.0,5,-0.956,-21.131,-20.85
1538037.76731,3,-0.105,0.312,9.804,4,0.001,-0.001,0.0,5,-1.144,-20.981,-20.981
1538037.82606,3,-0.093,0.309,9.799,4,0.0,-0.001,0.0,5,-1.219,-20.869,-20.456
1538037.84564,3,-0.095,0.316,9.806,4,-0.0,-0.0,0.0,5,-0.881,-21.169,-20.531
1538037.8848,3,-0.103,0.312,9.794,4,0.0,-0.0,0.0,5,-1.088,-21.206,-20.4
1538037.92397,3,-0.091,0.314,9.806,4,0.0,-0.0,0.0,5,-1.144,-21.338,-20.325
1538037.94355,3,-0.105,0.302,9.802,4,-0.0,0.001,-0.0,5,-1.05,-21.394,-20.194
1538037.96313,3,-0.105,0.307,9.802,4,-0.0,0.001,-0.0,5,-0.994,-21.394,-20.288
1538037.98271,3,-0.098,0.316,9.799,4,-0.001,0.001,0.0,5,-0.919,-21.656,-20.363
1538038.02188,3,-0.098,0.312,9.79,4,-0.0,0.001,-0.0,5,-0.806,-20.906,-20.213
1538038.04146,3,-0.105,0.307,9.794,4,-0.0,-0.0,-0.001,5,-0.863,-21.0,-20.494
1538038.06104,3,-0.103,0.314,9.811,4,-0.001,0.001,-0.0,5,-0.769,-21.094,-20.325
1538038.08063,3,-0.098,0.312,9.799,4,0.0,-0.0,0.0,5,-0.9,-21.169,-20.475
1538038.10021,3,-0.1,0.312,9.802,4,0.002,-0.002,0.0,5,-0.9,-21.169,-20.325
1538038.11979,3,-0.103,0.321,9.794,4,0.001,-0.001,0.0,5,-1.106,-21.188,-20.475
1538038.13937,3,-0.095,0.319,9.809,4,0.0,-0.0,-0.0,5,-1.219,-21.356,-20.494
1538038.15895,3,-0.093,0.316,9.802,4,0.001,-0.0,0.0,5,-1.594,-21.356,-20.419
1538038.17854,3,-0.095,0.307,9.799,4,-0.0,-0.001,-0.0,5,-1.406,-21.638,-20.831
1538038.19812,3,-0.1,0.309,9.792,4,-0.001,0.001,-0.0,5,-1.35,-21.638,-20.644
1538038.2177,3,-0.098,0.312,9.811,4,-0.002,0.001,0.0,5,-1.331,-21.525,-20.794
1538038.23728,3,-0.093,0.316,9.799,4,-0.001,0.001,-0.0,5,-1.238,-21.525,-20.981
1538038.25686,3,-0.093,0.312,9.794,4,-0.0,0.001,-0.0,5,-1.144,-21.619,-21.038
1538038.27645,3,-0.098,0.314,9.797,4,-0.0,0.001,0.0,5,-1.013,-21.3,-20.906
1538038.29603,3,-0.091,0.314,9.794,4,0.0,0.001,-0.0,5,-0.788,-21.244,-20.775
1538038.31561,3,-0.098,0.304,9.792,4,0.0,-0.001,-0.0,5,-0.45,-21.188,-20.888
1538038.33519,3,-0.103,0.307,9.797,4,-0.0,-0.0,0.0,5,-0.713,-21.206,-20.681
1538038.35478,3,-0.105,0.312,9.794,4,0.0,-0.0,0.0,5,-0.6,-21.038,-20.794
1538038.37436,3,-0.1,0.316,9.806,4,-0.0,-0.0,-0.0,5,-0.581,-21.056,-20.813
1538038.39394,3,-0.093,0.314,9.797,4,-0.001,0.001,-0.0,5,-0.6,-20.981,-20.7
1538038.41352,3,-0.095,0.319,9.797,4,-0.0,-0.0,0.0,5,-0.713,-20.85,-20.756
1538038.4331,3,-0.095,0.314,9.787,4,-0.001,0.001,-0.0,5,-0.919,-20.869,-20.831
1538038.45269,3,-0.107,0.314,9.797,4,-0.001,0.001,-0.0,5,-1.013,-20.775,-20.925
1538038.47227,3,-0.1,0.312,9.797,4,-0.001,0.001,0.0,5,-1.013,-21.056,-20.831
1538038.49185,3,-0.098,0.309,9.802,4,-0.0,0.001,0.0,5,-0.863,-21.15,-20.644
1538038.51143,3,-0.103,0.309,9.799,4,-0.0,-0.0,0.0,5,-0.975,-21.225,-20.681
1538038.53102,3,-0.103,0.309,9.802,4,0.0,-0.001,-0.0,5,-1.163,-21.413,-20.55
1538038.5506,3,-0.105,0.307,9.809,4,0.0,-0.0,-0.0,5,-1.275,-21.338,-20.344
1538038.57018,3,-0.103,0.3,9.802,4,0.002,-0.001,0.0,5,-1.181,-21.675,-20.344
1538038.58976,3,-0.098,0.316,9.806,4,0.002,-0.001,-0.0,5,-0.994,-21.956,-20.288
1538038.60934,3,-0.103,0.314,9.797,4,0.0,-0.001,-0.0,5,-0.975,-21.938,-20.213
1538038.62893,3,-0.105,0.307,9.794,4,0.0,-0.0,0.0,5,-1.031,-21.863,-20.231
1538038.64851,3,-0.1,0.302,9.794,4,-0.0,-0.0,-0.0,5,-1.181,-21.731,-20.325
1538038.66809,3,-0.1,0.304,9.797,4,-0.001,0.0,0.0,5,-1.069,-21.75,-20.063
1538038.68767,3,-0.083,0.309,9.802,4,-0.0,-0.0,0.0,5,-1.106,-21.788,-20.025
1538038.70725,3,-0.105,0.314,9.797,4,-0.0,-0.0,0.0,5,-0.825,-21.694,-20.213
1538038.74642,3,-0.103,0.307,9.794,4,-0.001,0.0,0.0,5,-0.731,-21.356,-20.306
1538038.78558,3,-0.105,0.316,9.792,4,-0.0,-0.0,-0.0,5,-0.75,-21.188,-20.381
1538038.82475,3,-0.103,0.314,9.792,4,0.0,-0.001,-0.0,5,-0.844,-21.113,-21.056
1538038.86391,3,-0.105,0.316,9.804,4,-0.001,0.001,0.0,5,-0.75,-21.075,-21.281
1538038.88349,3,-0.1,0.312,9.797,4,-0.001,-0.0,0.0,5,-0.825,-21.338,-21.019
1538038.90308,3,-0.098,0.307,9.804,4,0.0,-0.0,0.0,5,-1.013,-21.431,-20.794
1538038.92266,3,-0.105,0.312,9.794,4,-0.0,-0.0,0.0,5,-0.919,-21.525,-20.7
1538038.94224,3,-0.093,0.314,9.799,4,0.0,-0.0,0.0,5,-0.938,-21.694,-21.056
1538038.98141,3,-0.105,0.309,9.799,4,0.0,-0.0,0.0,5,-0.675,-21.675,-20.681
1538039.02057,3,-0.093,0.307,9.804,4,-0.0,0.001,0.0,5,-0.75,-21.675,-20.681
1538039.04015,3,-0.107,0.314,9.809,4,-0.0,-0.0,-0.0,5,-0.881,-21.619,-21.0
1538039.05973,3,-0.1,0.307,9.806,4,-0.0,-0.0,-0.0,5,-0.994,-21.75,-21.019
1538039.07932,3,-0.098,0.309,9.804,4,0.0,-0.001,0.0,5,-1.181,-21.563,-21.056
1538039.11848,3,-0.115,0.321,9.792,4,-0.0,0.001,-0.0,5,-1.256,-21.394,-20.775
1538039.13806,3,-0.1,0.307,9.797,4,-0.001,0.001,0.0,5,-1.313,-21.263,-20.906
1538039.15764,3,-0.105,0.321,9.792,4,-0.0,0.001,0.0,5,-1.275,-21.281,-20.794
1538039.17723,3,-0.098,0.309,9.804,4,-0.001,0.001,0.0,5,-1.388,-21.544,-20.775
1538039.19681,3,-0.098,0.312,9.806,4,-0.0,0.001,0.0,5,-1.256,-21.788,-20.738
1538039.21639,3,-0.095,0.304,9.809,4,-0.0,-0.0,-0.0,5,-0.956,-21.563,-20.775
1538039.23597,3,-0.098,0.316,9.797,4,0.0,-0.0,-0.0,5,-0.656,-21.731,-20.813
1538039.25556,3,-0.098,0.309,9.799,4,0.0,-0.001,-0.0,5,-0.413,-21.731,-20.906
1538039.27514,3,-0.095,0.307,9.797,4,0.0,-0.001,0.0,5,-0.469,-21.994,-20.888
1538039.3143,3,-0.112,0.307,9.792,4,0.002,-0.001,0.0,5,-0.225,-22.163,-21.056
1538039.33388,3,-0.105,0.309,9.797,4,-0.0,-0.0,-0.0,5,-0.619,-21.956,-21.131
1538039.37305,3,-0.1,0.307,9.804,4,0.0,-0.001,0.0,5,-0.788,-21.938,-21.094
1538039.39263,3,-0.1,0.309,9.799,4,0.0,-0.001,-0.0,5,-1.031,-21.75,-20.85
1538039.41221,3,-0.1,0.309,9.799,4,0.0,-0.0,0.0,5,-1.294,-21.769,-20.794
1538039.4318,3,-0.098,0.312,9.799,4,0.0,-0.0,0.0,5,-1.238,-21.75,-20.775
1538039.47096,3,-0.098,0.321,9.804,4,-0.0,0.0,0.0,5,-1.425,-21.638,-20.663
1538039.49054,3,-0.103,0.316,9.811,4,0.0,-0.0,-0.0,5,-0.938,-21.506,-20.588
1538039.51012,3,-0.105,0.302,9.794,4,-0.0,0.0,0.0,5,-0.956,-21.544,-20.7
1538039.52971,3,-0.103,0.312,9.797,4,-0.001,-0.0,0.0,5,-1.05,-21.488,-20.7
1538039.56887,3,-0.103,0.312,9.792,4,-0.0,0.0,0.0,5,-0.9,-21.638,-20.606
1538039.58845,3,-0.107,0.314,9.794,4,-0.001,0.0,-0.0,5,-0.863,-21.75,-20.663
1538039.60804,3,-0.105,0.304,9.802,4,-0.0,-0.0,0.0,5,-0.563,-21.919,-20.681
1538039.62762,3,-0.105,0.302,9.802,4,0.0,-0.0,-0.0,5,-0.638,-21.75,-20.888
1538039.68636,3,-0.095,0.316,9.804,4,-0.0,-0.0,0.0,5,-0.806,-22.125,-20.7
1538039.70595,3,-0.103,0.316,9.799,4,-0.001,0.0,-0.0,5,-0.544,-22.013,-20.813
1538039.76469,3,-0.105,0.304,9.799,4,0.0,-0.001,-0.0,5,-0.919,-22.069,-21.019
1538039.78427,3,-0.105,0.309,9.797,4,0.001,-0.001,0.0,5,-0.975,-21.975,-21.019
1538039.80386,3,-0.098,0.314,9.804,4,0.0,-0.0,-0.0,5,-1.069,-22.2,-20.794
1538039.82344,3,-0.095,0.307,9.797,4,-0.0,-0.001,-0.0,5,-0.806,-21.9,-21.019
1538039.84302,3,-0.095,0.314,9.802,4,-0.0,0.0,0.0,5,-0.994,-22.088,-21.056
1538039.8626,3,-0.098,0.319,9.797,4,-0.0,-0.0,-0.0,5,-0.713,-21.994,-21.019
1538039.88219,3,-0.105,0.316,9.802,4,-0.001,0.001,-0.0,5,-0.731,-21.919,-21.056
1538039.90177,3,-0.1,0.309,9.794,4,-0.001,0.001,-0.0,5,-0.6,-22.088,-20.906
1538039.92135,3,-0.1,0.314,9.802,4,0.0,-0.001,-0.0,5,-0.431,-22.031,-20.756
1538039.94093,3,-0.103,0.321,9.797,4,0.0,-0.0,0.0,5,-0.713,-21.881,-20.794
1538039.96051,3,-0.095,0.314,9.79,4,0.001,-0.0,0.0,5,-0.544,-21.731,-20.775
1538039.9801,3,-0.1,0.314,9.797,4,0.0,-0.001,0.0,5,-0.919,-21.863,-20.775
1538039.99968,3,-0.091,0.312,9.799,4,0.0,-0.0,0.0,5,-0.994,-21.844,-21.0
1538040.01926,3,-0.093,0.314,9.802,4,-0.0,-0.0,-0.0,5,-1.144,-21.694,-21.0
1538040.03884,3,-0.103,0.309,9.809,4,-0.001,0.001,0.0,5,-1.294,-21.788,-21.169
1538040.05843,3,-0.105,0.307,9.809,4,-0.001,0.001,0.0,5,-1.181,-21.769,-21.319
1538040.07801,3,-0.093,0.304,9.802,4,-0.001,0.001,-0.0,5,-1.069,-21.881,-21.056
1538040.09759,3,-0.112,0.302,9.797,4,0.0,-0.0,-0.0,5,-0.956,-22.013,-21.188
1538040.13675,3,-0.091,0.307,9.79,4,-0.0,-0.0,-0.0,5,-1.144,-21.6,-20.794
1538040.15634,3,-0.105,0.312,9.794,4,-0.0,-0.0,0.0,5,-1.013,-21.6,-20.513
1538040.1955,3,-0.107,0.309,9.794,4,-0.0,-0.0,0.0,5,-1.219,-21.638,-20.306
1538040.21508,3,-0.105,0.309,9.806,4,-0.0,-0.001,-0.0,5,-1.388,-21.319,-20.25
1538040.25425,3,-0.093,0.307,9.797,4,-0.0,0.001,-0.0,5,-1.556,-21.225,-20.194
1538040.27383,3,-0.115,0.314,9.799,4,-0.0,-0.0,-0.0,5,-1.294,-21.619,-20.175
1538040.31299,3,-0.098,0.309,9.804,4,-0.001,-0.0,-0.0,5,-1.369,-21.45,-20.325
1538040.33258,3,-0.093,0.314,9.797,4,0.001,-0.0,0.0,5,-1.369,-21.45,-20.288
1538040.35216,3,-0.103,0.314,9.804,4,-0.0,-0.0,0.0,5,-1.144,-21.45,-20.288
1538040.37174,3,-0.098,0.314,9.809,4,0.001,-0.001,0.0,5,-1.294,-21.675,-20.4
1538040.39132,3,-0.098,0.314,9.804,4,0.001,-0.001,0.0,5,-1.144,-21.563,-20.606
1538040.41091,3,-0.1,0.314,9.804,4,0.002,-0.001,0.0,5,-1.163,-21.525,-20.4
1538040.45007,3,-0.1,0.309,9.809,4,0.001,-0.001,0.0,5,-1.331,-21.563,-20.213
1538040.46965,3,-0.103,0.309,9.799,4,-0.0,0.001,0.0,5,-1.031,-21.769,-20.288
1538040.50882,3,-0.093,0.312,9.802,4,-0.0,-0.0,-0.0,5,-0.863,-21.638,-20.4
1538040.5284,3,-0.095,0.307,9.806,4,0.001,-0.0,0.0,5,-0.788,-21.581,-20.25
1538040.54798,3,-0.103,0.312,9.799,4,0.001,-0.001,-0.0,5,-0.656,-21.544,-20.175
1538040.56756,3,-0.098,0.309,9.802,4,0.001,-0.001,-0.0,5,-0.694,-21.713,-20.194
1538040.58714,3,-0.093,0.316,9.806,4,0.001,-0.0,-0.0,5,-0.581,-21.788,-20.55
1538040.60673,3,-0.112,0.319,9.809,4,-0.0,-0.0,0.0,5,-0.488,-21.75,-20.513
1538040.62631,3,-0.107,0.312,9.797,4,-0.001,0.001,0.0,5,-0.6,-21.638,-20.494
1538040.64589,3,-0.107,0.314,9.794,4,-0.001,0.001,0.0,5,-0.581,-21.713,-20.606
1538040.66547,3,-0.103,0.314,9.799,4,-0.0,0.001,0.0,5,-0.656,-21.6,-20.681
1538040.70464,3,-0.093,0.304,9.811,4,-0.0,-0.0,0.0,5,-0.619,-21.713,-20.888
1538040.72422,3,-0.095,0.312,9.806,4,-0.0,-0.001,0.0,5,-0.581,-21.956,-20.813
1538040.7438,3,-0.107,0.307,9.806,4,0.001,-0.001,0.0,5,-0.731,-21.844,-21.019
1538040.76338,3,-0.11,0.314,9.809,4,-0.0,-0.0,-0.0,5,-1.125,-21.769,-20.813
1538040.78297,3,-0.119,0.309,9.811,4,-0.001,0.001,0.0,5,-1.125,-21.581,-20.775
1538040.80255,3,-0.107,0.309,9.799,4,0.001,-0.0,-0.0,5,-1.05,-21.413,-20.756
1538040.82213,3,-0.103,0.307,9.799,4,0.0,0.001,-0.0,5,-1.106,-21.281,-20.588
1538040.84171,3,-0.091,0.309,9.797,4,0.0,0.0,0.0,5,-1.125,-21.45,-20.475
1538040.8613,3,-0.093,0.309,9.799,4,-0.0,0.0,-0.0,5,-1.2,-21.338,-20.231
1538040.88088,3,-0.1,0.321,9.804,4,0.001,-0.001,0.0,5,-1.406,-21.263,-20.156
1538040.90046,3,-0.105,0.314,9.811,4,0.001,-0.001,-0.0,5,-1.219,-21.356,-20.025
1538040.92004,3,-0.112,0.314,9.802,4,0.0,0.0,-0.0,5,-0.825,-21.394,-20.081
1538040.93962,3,-0.1,0.307,9.797,4,0.0,0.0,-0.0,5,-0.919,-21.488,-20.25
1538040.95921,3,-0.105,0.307,9.797,4,0.0,0.0,-0.0,5,-1.069,-21.619,-20.288
1538040.97879,3,-0.098,0.309,9.794,4,-0.001,0.001,-0.0,5,-0.881,-21.806,-20.419
1538040.99837,3,-0.105,0.314,9.79,4,0.0,-0.001,-0.0,5,-0.975,-21.806,-20.269
1538041.01795,3,-0.107,0.319,9.804,4,0.0,0.0,-0.0,5,-0.694,-21.431,-20.456
1538041.03754,3,-0.103,0.319,9.797,4,0.0,0.001,-0.0,5,-0.694,-21.581,-20.55
1538041.05712,3,-0.107,0.314,9.809,4,0.001,0.0,-0.0,5,-0.769,-21.375,-20.663
1538041.0767,3,-0.1,0.312,9.797,4,0.001,-0.001,0.0,5,-1.031,-21.338,-20.738
1538041.09628,3,-0.103,0.316,9.802,4,0.0,-0.001,0.0,5,-0.975,-21.319,-20.681
1538041.11586,3,-0.117,0.307,9.806,4,-0.0,0.001,-0.0,5,-0.694,-21.225,-20.588
1538041.13545,3,-0.103,0.304,9.806,4,-0.001,0.0,-0.0,5,-0.825,-21.263,-20.625
1538041.15503,3,-0.105,0.307,9.802,4,-0.001,0.001,0.0,5,-0.75,-21.094,-20.831
1538041.17461,3,-0.11,0.312,9.799,4,-0.0,0.001,-0.0,5,-0.9,-21.525,-20.55
1538041.19419,3,-0.107,0.309,9.804,4,0.0,0.0,-0.0,5,-1.013,-21.169,-20.531
1538041.21378,3,-0.105,0.312,9.79,4,-0.001,0.001,-0.0,5,-0.9,-21.469,-20.325
1538041.23336,3,-0.1,0.307,9.804,4,-0.001,0.001,-0.0,5,-0.844,-21.619,-20.325
1538041.25294,3,-0.093,0.314,9.804,4,0.0,0.0,-0.0,5,-0.881,-21.656,-20.269
1538041.2921,3,-0.098,0.309,9.797,4,-0.0,0.0,0.0,5,-1.144,-21.75,-20.531
1538041.31169,3,-0.098,0.302,9.804,4,0.0,0.0,0.0,5,-1.294,-21.75,-20.4
1538041.35085,3,-0.105,0.309,9.806,4,-0.0,0.0,0.0,5,-1.463,-21.581,-20.831
1538041.37043,3,-0.093,0.316,9.811,4,-0.002,0.001,-0.0,5,-1.838,-21.619,-20.963
1538041.39002,3,-0.11,0.319,9.809,4,-0.0,0.0,-0.0,5,-1.819,-21.544,-20.944
1538041.4096,3,-0.105,0.312,9.802,4,-0.0,-0.0,-0.0,5,-1.744,-21.619,-21.206
1538041.42918,3,-0.098,0.312,9.806,4,-0.0,0.001,0.0,5,-1.481,-21.45,-21.094
1538041.44876,3,-0.107,0.312,9.806,4,0.0,-0.0,-0.0,5,-1.425,-21.338,-20.944
1538041.46834,3,-0.103,0.316,9.806,4,0.0,-0.001,-0.0,5,-1.275,-21.431,-21.075
1538041.48793,3,-0.1,0.319,9.799,4,-0.0,0.001,-0.0,5,-0.975,-21.356,-21.0
1538041.50751,3,-0.112,0.312,9.792,4,0.0,-0.0,0.0,5,-0.844,-21.563,-20.925
1538041.52709,3,-0.098,0.309,9.804,4,-0.001,0.001,-0.0,5,-0.469,-21.431,-21.019
1538041.56626,3,-0.091,0.307,9.802,4,-0.001,0.001,-0.0,5,-0.3,-21.263,-20.794
1538041.60542,3,-0.103,0.314,9.797,4,-0.0,0.0,0.0,5,-0.338,-21.338,-20.813
1538041.64458,3,-0.098,0.307,9.799,4,0.0,-0.001,-0.0,5,-0.113,-21.469,-21.0
1538041.66417,3,-0.11,0.307,9.806,4,0.0,-0.0,0.0,5,-0.038,-21.769,-21.263
1538041.68375,3,-0.091,0.309,9.804,4,0.0,-0.001,0.0,5,-0.244,-21.713,-21.113
1538041.72291,3,-0.095,0.316,9.809,4,-0.0,-0.0,-0.0,5,-0.244,-21.656,-20.85
1538041.7425,3,-0.091,0.321,9.802,4,-0.001,0.001,-0.0,5,-0.394,-21.788,-20.756
1538041.76208,3,-0.095,0.314,9.804,4,0.0,0.0,-0.0,5,-0.581,-21.844,-20.756
1538041.78166,3,-0.098,0.304,9.809,4,0.001,-0.0,0.0,5,-0.6,-22.013,-20.831
1538041.80124,3,-0.091,0.307,9.806,4,-0.001,0.0,-0.0,5,-0.9,-21.844,-21.038
1538041.82082,3,-0.1,0.304,9.799,4,-0.0,0.0,-0.0,5,-1.2,-21.544,-20.869
1538041.84041,3,-0.105,0.312,9.792,4,0.001,-0.001,-0.0,5,-1.125,-21.45,-21.0
1538041.85999,3,-0.105,0.312,9.799,4,-0.0,0.0,0.0,5,-1.144,-21.3,-20.925
1538041.87957,3,-0.093,0.302,9.804,4,-0.001,-0.0,-0.0,5,-1.125,-21.15,-21.094
1538041.91874,3,-0.1,0.316,9.809,4,-0.0,-0.0,0.0,5,-1.088,-21.169,-20.813
1538041.9579,3,-0.1,0.314,9.802,4,-0.0,0.0,-0.0,5,-1.106,-21.244,-20.419
1538041.97748,3,-0.1,0.314,9.811,4,-0.001,0.0,0.0,5,-0.956,-21.263,-20.438
1538041.99706,3,-0.098,0.316,9.799,4,-0.001,0.0,-0.0,5,-0.675,-21.394,-20.4
1538042.03623,3,-0.095,0.309,9.804,4,0.001,-0.0,-0.0,5,-0.9,-21.506,-20.606
1538042.05581,3,-0.093,0.309,9.806,4,0.001,-0.001,-0.0,5,-0.938,-21.713,-20.756
1538042.07539,3,-0.088,0.314,9.804,4,-0.0,-0.0,-0.0,5,-0.844,-21.619,-20.888
1538042.09498,3,-0.093,0.307,9.804,4,-0.0,0.0,-0.0,5,-0.769,-21.769,-20.813
1538042.13414,3,-0.095,0.316,9.802,4,-0.0,-0.0,-0.0,5,-0.581,-21.656,-20.569
1538042.15372,3,-0.095,0.314,9.806,4,-0.0,0.0,-0.0,5,-0.863,-21.713,-20.663
1538042.1733,3,-0.095,0.309,9.806,4,-0.0,-0.0,0.0,5,-0.731,-21.919,-20.363
1538042.19289,3,-0.098,0.312,9.799,4,0.001,-0.0,0.0,5,-0.656,-21.806,-20.531
1538042.21247,3,-0.105,0.312,9.799,4,-0.0,-0.0,0.001,5,-0.769,-21.694,-20.288
1538042.25163,3,-0.103,0.319,9.794,4,-0.0,-0.0,0.0,5,-0.769,-21.713,-20.1
1538042.27122,3,-0.103,0.309,9.804,4,-0.001,0.0,-0.0,5,-1.088,-21.6,-20.175
1538042.2908,3,-0.098,0.314,9.797,4,0.001,-0.001,0.0,5,-1.163,-21.675,-20.194
1538042.32996,3,-0.107,0.314,9.804,4,0.001,-0.0,-0.0,5,-1.313,-21.244,-20.288
1538042.34954,3,-0.098,0.309,9.802,4,0.001,-0.0,0.0,5,-1.481,-21.113,-20.081
1538042.36913,3,-0.103,0.316,9.802,4,0.001,-0.0,0.0,5,-1.106,-21.113,-20.269
1538042.38871,3,-0.103,0.319,9.792,4,-0.0,-0.0,0.0,5,-1.294,-21.15,-20.456
1538042.40829,3,-0.095,0.319,9.804,4,-0.001,0.001,0.0,5,-1.294,-21.244,-20.869
1538042.42787,3,-0.103,0.309,9.814,4,-0.0,0.0,0.0,5,-1.313,-21.263,-20.831
1538042.44746,3,-0.093,0.312,9.797,4,-0.0,-0.0,-0.0,5,-1.144,-21.188,-20.85
1538042.46704,3,-0.107,0.307,9.802,4,0.001,-0.001,-0.0,5,-1.144,-21.525,-20.85
1538042.5062,3,-0.103,0.304,9.794,4,0.001,-0.0,-0.0,5,-0.844,-22.05,-20.963
1538042.54537,3,-0.1,0.316,9.811,4,0.001,-0.001,-0.0,5,-1.069,-22.181,-21.094
1538042.56495,3,-0.105,0.312,9.794,4,-0.0,-0.0,0.0,5,-1.181,-21.975,-20.925
1538042.58453,3,-0.093,0.309,9.792,4,0.001,-0.001,0.0,5,-1.106,-21.9,-20.681
1538042.60411,3,-0.11,0.314,9.799,4,-0.0,-0.0,-0.0,5,-0.956,-22.05,-20.775
1538042.6237,3,-0.107,0.304,9.811,4,0.0,-0.0,0.0,5,-1.256,-22.069,-21.131
1538042.64328,3,-0.103,0.304,9.804,4,-0.0,-0.0,0.0,5,-1.2,-21.825,-21.225
1538042.66286,3,-0.1,0.316,9.806,4,-0.001,-0.0,-0.0,5,-1.35,-21.544,-21.188
1538042.68244,3,-0.105,0.309,9.794,4,-0.0,0.001,-0.0,5,-1.35,-21.488,-21.019
1538042.70202,3,-0.098,0.314,9.804,4,-0.0,-0.0,-0.0,5,-1.406,-21.544,-20.963
1538042.72161,3,-0.105,0.319,9.799,4,0.0,-0.0,-0.0,5,-1.219,-21.638,-20.963
1538042.76077,3,-0.103,0.304,9.799,4,0.0,-0.0,-0.0,5,-1.35,-21.675,-20.944
1538042.78035,3,-0.105,0.307,9.809,4,-0.0,-0.0,-0.0,5,-1.35,-21.675,-20.606
1538042.79994,3,-0.098,0.314,9.802,4,0.0,-0.001,0.0,5,-1.406,-21.731,-20.55
1538042.81952,3,-0.095,0.304,9.804,4,0.0,-0.001,0.0,5,-1.35,-21.919,-20.513
1538042.8391,3,-0.098,0.316,9.797,4,-0.0,-0.0,0.0,5,-1.5,-21.881,-20.55
1538042.85868,3,-0.088,0.304,9.797,4,0.0,-0.0,-0.0,5,-1.331,-21.863,-20.494
1538042.87826,3,-0.093,0.309,9.806,4,-0.0,-0.0,-0.0,5,-1.331,-21.9,-20.588
1538042.89785,3,-0.098,0.312,9.809,4,-0.0,-0.001,-0.0,5,-1.294,-21.844,-20.531
1538042.91743,3,-0.105,0.316,9.802,4,0.0,-0.001,0.0,5,-1.331,-21.694,-20.4
1538042.93701,3,-0.098,0.312,9.806,4,-0.0,0.001,-0.0,5,-1.181,-21.675,-20.438
1538042.95659,3,-0.103,0.304,9.806,4,-0.002,0.001,0.0,5,-1.181,-21.581,-20.438
1538042.97618,3,-0.098,0.307,9.802,4,-0.001,0.001,0.0,5,-1.05,-21.675,-20.513
1538042.99576,3,-0.098,0.316,9.797,4,-0.001,0.001,0.0,5,-0.938,-21.563,-20.344
1538043.01534,3,-0.095,0.319,9.802,4,-0.001,0.001,0.0,5,-0.956,-21.525,-20.494
1538043.03492,3,-0.098,0.314,9.806,4,-0.0,0.0,0.0,5,-1.125,-21.375,-20.531
1538043.0545,3,-0.105,0.312,9.809,4,-0.0,0.0,0.0,5,-1.144,-21.075,-20.513
1538043.07409,3,-0.11,0.314,9.799,4,-0.001,0.001,0.0,5,-1.013,-21.169,-20.644
1538043.09367,3,-0.095,0.319,9.816,4,-0.0,0.0,0.0,5,-0.994,-21.188,-20.7
1538043.11325,3,-0.107,0.309,9.802,4,0.0,0.0,-0.0,5,-1.031,-21.225,-20.756
1538043.13283,3,-0.105,0.314,9.759,4,-0.0,0.001,0.0,5,-1.163,-20.981,-20.756
1538043.15242,3,-0.11,0.304,9.854,4,-0.0,0.001,0.0,5,-1.238,-21.113,-20.906
1538043.172,3,-0.098,0.304,9.797,4,0.0,-0.001,0.0,5,-1.406,-21.094,-20.85
1538043.19158,3,-0.103,0.309,9.78,4,-0.001,0.0,-0.0,5,-1.313,-21.319,-20.663
1538043.21116,3,-0.1,0.312,9.828,4,-0.001,0.0,0.0,5,-1.313,-21.694,-20.756
1538043.23074,3,-0.107,0.304,9.802,4,-0.0,0.001,-0.0,5,-1.238,-21.713,-20.831
1538043.25033,3,-0.095,0.316,9.778,4,0.0,-0.001,0.0,5,-1.181,-21.619,-20.794
1538043.26991,3,-0.095,0.314,9.821,4,0.001,-0.001,0.0,5,-1.069,-21.506,-20.681
1538043.28949,3,-0.107,0.314,9.794,4,0.001,-0.0,0.0,5,-0.881,-21.75,-20.831
1538043.30907,3,-0.112,0.312,9.799,4,0.0,-0.0,0.0,5,-0.544,-21.675,-20.663
1538043.32866,3,-0.103,0.312,9.818,4,-0.0,-0.0,0.0,5,-0.506,-21.581,-20.888
1538043.34824,3,-0.1,0.316,9.785,4,0.0,-0.0,-0.0,5,-0.506,-21.45,-21.113
1538043.36782,3,-0.095,0.309,9.804,4,0.0,-0.0,-0.0,5,-0.488,-21.431,-21.225
1538043.3874,3,-0.107,0.309,9.816,4,0.0,-0.001,-0.0,5,-0.675,-21.431,-21.0
1538043.40698,3,-0.095,0.314,9.809,4,0.0,-0.0,-0.0,5,-0.938,-21.319,-21.056
1538043.42657,3,-0.11,0.312,9.799,4,0.001,-0.001,0.0,5,-0.956,-21.394,-21.113
1538043.48531,3,-0.091,0.304,9.804,4,-0.001,0.001,-0.0,5,-1.088,-21.581,-21.056
1538043.52448,3,-0.103,0.312,9.806,4,0.001,-0.0,0.0,5,-0.994,-21.713,-20.831
1538043.54406,3,-0.115,0.307,9.806,4,0.001,-0.001,0.0,5,-0.938,-21.619,-20.925
1538043.56364,3,-0.11,0.309,9.797,4,0.002,-0.001,0.0,5,-0.938,-21.675,-21.188
1538043.58322,3,-0.105,0.314,9.799,4,-0.001,0.001,-0.0,5,-0.731,-21.938,-21.225
1538043.60281,3,-0.105,0.312,9.804,4,-0.0,-0.0,0.0,5,-0.788,-21.788,-21.225
1538043.62239,3,-0.098,0.312,9.809,4,-0.0,-0.0,0.0,5,-0.806,-21.731,-21.113
1538043.64197,3,-0.098,0.314,9.806,4,0.002,-0.001,0.0,5,-0.769,-21.544,-21.019
1538043.66155,3,-0.105,0.312,9.806,4,0.001,-0.001,0.0,5,-0.769,-21.544,-21.075
1538043.68114,3,-0.107,0.304,9.804,4,-0.0,0.001,-0.0,5,-0.675,-21.356,-21.113
1538043.70072,3,-0.095,0.321,9.802,4,-0.0,-0.0,-0.0,5,-0.769,-21.263,-20.925
1538043.7203,3,-0.1,0.312,9.802,4,0.001,-0.0,-0.0,5,-0.863,-21.169,-20.7
1538043.73988,3,-0.091,0.307,9.809,4,0.0,-0.001,0.0,5,-0.731,-21.038,-20.719
1538043.75947,3,-0.103,0.319,9.799,4,-0.0,0.001,0.0,5,-0.6,-21.15,-20.794
1538043.77905,3,-0.098,0.309,9.794,4,0.0,0.0,-0.001,5,-0.619,-21.169,-20.813
1538043.79863,3,-0.127,0.3,9.512,4,0.002,-0.001,-0.0,5,-0.825,-21.15,-20.7
1538043.83779,3,-0.1,0.316,10.108,4,-0.0,0.001,0.0,5,-1.163,-21.169,-20.644
1538043.85738,3,-0.105,0.307,9.749,4,0.001,0.0,-0.0,5,-1.125,-21.3,-20.681
1538043.87696,3,-0.091,0.302,9.809,4,0.0,-0.001,-0.0,5,-1.013,-21.375,-20.756
1538043.91612,3,-0.093,0.314,9.782,4,0.0,0.0,-0.0,5,-1.238,-21.825,-20.55
1538043.93571,3,-0.103,0.312,9.799,4,-0.001,0.001,-0.0,5,-1.2,-21.769,-20.513
1538043.95529,3,-0.1,0.309,9.821,4,-0.001,0.001,0.0,5,-1.125,-21.731,-20.756
1538043.97487,3,-0.107,0.314,9.782,4,0.0,-0.001,0.0,5,-1.031,-21.956,-20.625
1538043.99445,3,-0.112,0.307,9.766,4,-0.001,0.001,0.0,5,-0.769,-22.069,-20.738
1538044.01403,3,-0.103,0.307,9.83,4,0.0,0.001,0.0,5,-0.581,-22.125,-20.831
1538044.03362,3,-0.1,0.312,9.809,4,0.001,-0.0,-0.0,5,-0.488,-22.256,-20.831
1538044.07278,3,-0.1,0.307,9.804,4,-0.001,0.0,-0.0,5,-0.431,-22.219,-20.869
1538044.11195,3,-0.1,0.314,9.804,4,-0.001,0.0,0.0,5,-0.825,-22.125,-21.038
1538044.13153,3,-0.095,0.309,9.809,4,-0.001,0.0,-0.0,5,-0.844,-21.956,-21.188
1538044.15111,3,-0.095,0.302,9.804,4,-0.001,0.001,0.0,5,-1.163,-21.675,-20.963
1538044.17069,3,-0.1,0.304,9.799,4,0.0,0.0,-0.0,5,-1.294,-21.338,-20.738
1538044.19027,3,-0.1,0.316,9.806,4,-0.001,0.001,0.0,5,-1.425,-21.206,-20.681
1538044.20986,3,-0.1,0.307,9.799,4,-0.001,0.001,0.0,5,-1.481,-21.15,-20.813
1538044.22944,3,-0.095,0.312,9.809,4,-0.001,0.0,0.0,5,-1.481,-21.113,-20.775
1538044.24902,3,-0.088,0.316,9.809,4,-0.0,0.0,0.0,5,-1.369,-21.281,-20.794
1538044.2686,3,-0.1,0.309,9.794,4,0.001,-0.001,0.0,5,-0.994,-21.563,-20.513
1538044.28819,3,-0.095,0.312,9.804,4,0.0,-0.001,0.0,5,-1.2,-21.6,-20.494
1538044.30777,3,-0.093,0.312,9.799,4,0.0,0.0,0.0,5,-1.2,-21.788,-20.494
1538044.32735,3,-0.095,0.312,9.809,4,-0.0,0.001,0.0,5,-1.069,-21.975,-20.588
1538044.34693,3,-0.107,0.309,9.797,4,0.0,0.0,0.0,5,-1.088,-21.844,-20.606
1538044.40568,3,-0.1,0.304,9.799,4,0.0,-0.001,-0.0,5,-1.313,-21.6,-20.438
1538044.42526,3,-0.107,0.312,9.802,4,0.0,-0.001,-0.0,5,-1.369,-21.694,-20.306
1538044.44484,3,-0.095,0.316,9.802,4,0.002,-0.002,-0.0,5,-1.388,-21.525,-20.513
1538044.48401,3,-0.093,0.312,9.802,4,0.001,-0.001,-0.0,5,-1.088,-21.056,-20.363
1538044.50359,3,-0.1,0.307,9.799,4,0.0,-0.0,0.0,5,-1.369,-21.019,-20.456
1538044.52317,3,-0.1,0.304,9.809,4,-0.0,-0.0,0.0,5,-1.369,-21.169,-20.381
1538044.54275,3,-0.103,0.314,9.804,4,0.0,-0.001,0.0,5,-1.275,-21.394,-20.381
1538044.58192,3,-0.105,0.304,9.804,4,-0.0,-0.0,-0.0,5,-1.163,-21.319,-20.663
1538044.62108,3,-0.105,0.307,9.792,4,0.0,-0.001,0.0,5,-1.2,-21.713,-20.644
1538044.66025,3,-0.093,0.309,9.804,4,-0.0,0.0,0.0,5,-1.069,-21.638,-20.738
1538044.67983,3,-0.103,0.312,9.811,4,-0.0,0.001,0.0,5,-1.031,-21.638,-20.738
1538044.69941,3,-0.098,0.309,9.809,4,0.001,-0.001,-0.0,5,-0.938,-21.413,-20.606
1538044.719,3,-0.095,0.307,9.804,4,0.001,-0.001,0.0,5,-0.788,-21.375,-20.513
1538044.75816,3,-0.098,0.309,9.809,4,0.0,-0.001,0.0,5,-0.938,-21.113,-20.681
1538044.77774,3,-0.103,0.314,9.809,4,0.0,0.0,-0.0,5,-0.806,-21.0,-20.569
1538044.79732,3,-0.1,0.319,9.804,4,0.001,-0.001,0.0,5,-0.75,-21.188,-20.569
1538044.81691,3,-0.107,0.316,9.794,4,0.0,-0.001,0.0,5,-0.825,-21.113,-20.644
1538044.83649,3,-0.098,0.319,9.802,4,0.0,0.0,0.0,5,-0.825,-21.019,-20.775
1538044.87565,3,-0.103,0.316,9.804,4,0.0,-0.0,0.0,5,-0.956,-21.338,-21.0
1538044.89524,3,-0.107,0.309,9.797,4,0.0,0.0,0.0,5,-1.013,-21.525,-20.963
1538044.91482,3,-0.115,0.312,9.797,4,0.0,0.0,0.0,5,-1.106,-21.563,-20.869
1538044.95398,3,-0.098,0.316,9.804,4,-0.001,0.001,-0.001,5,-1.125,-21.506,-21.056
1538044.97356,3,-0.095,0.312,9.806,4,-0.0,0.001,-0.0,5,-1.219,-21.544,-21.056
1538044.99315,3,-0.091,0.309,9.794,4,-0.001,0.001,0.0,5,-1.106,-21.713,-21.131
1538045.01273,3,-0.103,0.314,9.811,4,-0.0,-0.0,-0.0,5,-1.275,-21.675,-20.888
1538045.03231,3,-0.103,0.312,9.804,4,-0.001,0.0,-0.0,5,-1.163,-21.244,-21.056
1538045.07148,3,-0.105,0.307,9.802,4,-0.001,0.0,0.0,5,-0.938,-21.3,-21.281
1538045.11064,3,-0.1,0.312,9.797,4,0.0,0.0,-0.0,5,-1.013,-21.169,-21.169
1538045.13022,3,-0.095,0.319,9.797,4,0.001,0.0,0.0,5,-1.013,-21.263,-21.075
1538045.1498,3,-0.086,0.304,9.804,4,0.0,0.0,0.0,5,-1.013,-21.169,-21.019
1538045.16939,3,-0.095,0.309,9.799,4,0.001,-0.001,0.0,5,-1.031,-21.3,-21.131
1538045.18897,3,-0.095,0.316,9.802,4,0.0,0.0,0.0,5,-1.238,-21.694,-20.925
1538045.20855,3,-0.112,0.314,9.797,4,-0.001,0.001,0.0,5,-1.294,-21.3,-20.775
1538045.22813,3,-0.105,0.309,9.809,4,-0.001,0.0,-0.0,5,-1.2,-21.675,-20.494
1538045.24772,3,-0.11,0.312,9.804,4,0.0,-0.0,0.0,5,-1.331,-21.619,-20.363
1538045.2673,3,-0.1,0.312,9.804,4,0.001,-0.0,0.0,5,-1.5,-21.881,-20.344
1538045.30646,3,-0.095,0.307,9.799,4,-0.0,0.0,0.0,5,-1.669,-21.75,-20.025
1538045.32605,3,-0.095,0.312,9.797,4,-0.001,0.0,0.0,5,-1.5,-21.863,-20.081
1538045.36521,3,-0.1,0.314,9.799,4,0.0,0.0,-0.0,5,-1.388,-21.656,-20.138
1538045.38479,3,-0.095,0.314,9.804,4,0.0,0.0,-0.0,5,-1.425,-21.638,-20.063
1538045.42396,3,-0.105,0.314,9.799,4,0.0,0.0,-0.0,5,-1.481,-21.394,-20.288
1538045.46312,3,-0.1,0.312,9.79,4,-0.002,0.001,-0.001,5,-1.519,-20.925,-20.569
1538045.4827,3,-0.093,0.316,9.794,4,-0.0,0.001,0.0,5,-1.556,-21.244,-20.625
1538045.50229,3,-0.093,0.309,9.794,4,0.001,-0.001,0.0,5,-1.631,-20.85,-20.569
1538045.52187,3,-0.095,0.312,9.804,4,-0.0,-0.0,-0.0,5,-1.631,-20.981,-20.569
1538045.54145,3,-0.1,0.307,9.794,4,-0.001,0.001,-0.0,5,-1.65,-21.131,-20.813
1538045.56103,3,-0.095,0.314,9.804,4,0.0,-0.001,0.0,5,-1.575,-21.206,-21.019
1538045.58061,3,-0.105,0.314,9.811,4,0.0,0.0,-0.0,5,-1.444,-21.356,-20.981
1538045.6002,3,-0.093,0.316,9.799,4,0.0,0.001,-0.0,5,-1.05,-21.6,-20.775
1538045.61978,3,-0.088,0.304,9.809,4,-0.0,0.0,-0.0,5,-0.9,-21.806,-20.7
1538045.63936,3,-0.105,0.316,9.811,4,-0.0,0.0,-0.0,5,-0.638,-21.713,-20.738
1538045.65894,3,-0.1,0.309,9.797,4,-0.002,0.001,-0.0,5,-0.825,-21.806,-20.644
1538045.69811,3,-0.098,0.314,9.816,4,-0.0,0.0,0.0,5,-0.713,-21.638,-20.456
1538045.71769,3,-0.1,0.314,9.802,4,0.0,-0.001,0.0,5,-0.563,-21.45,-20.363
1538045.73727,3,-0.098,0.309,9.811,4,-0.001,0.001,0.0,5,-0.413,-21.394,-20.644
1538045.75685,3,-0.091,0.302,9.799,4,-0.001,0.001,-0.0,5,-0.675,-21.431,-20.513
1538045.77644,3,-0.105,0.307,9.804,4,0.0,0.0,-0.0,5,-0.788,-21.169,-20.531
1538045.79602,3,-0.098,0.324,9.811,4,0.001,-0.001,0.0,5,-0.919,-20.944,-20.813
1538045.8156,3,-0.095,0.312,9.806,4,0.0,-0.0,0.0,5,-0.731,-21.131,-20.944
1538045.83518,3,-0.093,0.307,9.804,4,-0.0,0.001,-0.0,5,-0.956,-21.188,-20.981
1538045.87435,3,-0.11,0.316,9.806,4,-0.001,0.001,-0.0,5,-0.881,-21.394,-21.094
1538045.89393,3,-0.093,0.321,9.804,4,-0.001,0.001,0.0,5,-0.975,-21.675,-21.0
1538045.91351,3,-0.103,0.307,9.806,4,0.001,-0.001,0.0,5,-0.881,-21.525,-21.15
1538045.9331,3,-0.088,0.312,9.809,4,-0.0,-0.0,-0.0,5,-0.881,-21.806,-21.3
1538045.97226,3,-0.105,0.309,9.802,4,0.0,-0.0,0.0,5,-0.919,-21.675,-21.056
1538045.99184,3,-0.095,0.312,9.809,4,-0.0,-0.0,-0.0,5,-0.881,-21.619,-21.056
1538046.01142,3,-0.095,0.316,9.806,4,-0.0,-0.0,-0.0,5,-0.825,-21.6,-21.038
1538046.03101,3,-0.095,0.312,9.804,4,0.0,-0.001,0.0,5,-0.919,-21.563,-20.813
1538046.05059,3,-0.1,0.312,9.802,4,0.001,-0.001,0.001,5,-1.181,-21.263,-20.963
1538046.07017,3,-0.091,0.309,9.809,4,0.0,-0.001,0.0,5,-1.181,-21.225,-21.056
1538046.08975,3,-0.095,0.302,9.804,4,0.001,-0.001,-0.0,5,-1.088,-21.469,-20.831
1538046.10934,3,-0.093,0.312,9.802,4,-0.001,0.002,0.0,5,-0.806,-21.75,-20.831
1538046.12892,3,-0.1,0.316,9.794,4,-0.0,0.001,0.0,5,-0.731,-21.881,-20.756
1538046.1485,3,-0.098,0.321,9.804,4,0.002,-0.001,0.0,5,-0.45,-21.881,-20.719
1538046.16808,3,-0.095,0.304,9.794,4,0.002,-0.001,0.0,5,-0.413,-21.619,-20.7
1538046.18766,3,-0.1,0.321,9.804,4,0.001,-0.001,-0.0,5,-0.431,-21.488,-21.038
1538046.20725,3,-0.1,0.304,9.799,4,0.001,-0.001,-0.0,5,-0.225,-21.6,-20.831
1538046.22683,3,-0.098,0.309,9.811,4,0.0,-0.001,-0.0,5,-0.319,-21.694,-20.869
1538046.24641,3,-0.1,0.309,9.802,4,-0.0,0.001,0.0,5,-0.413,-21.169,-21.038
1538046.26599,3,-0.093,0.304,9.797,4,0.0,0.001,0.0,5,-0.506,-21.169,-20.813
1538046.30516,3,-0.1,0.319,9.797,4,-0.0,-0.0,0.0,5,-0.488,-21.225,-21.206
1538046.32474,3,-0.1,0.309,9.797,4,-0.0,-0.001,-0.0,5,-0.863,-21.131,-21.244
1538046.34432,3,-0.103,0.312,9.794,4,0.0,-0.0,0.0,5,-1.144,-21.225,-21.281
1538046.3639,3,-0.088,0.316,9.799,4,-0.0,-0.0,-0.0,5,-1.125,-21.394,-20.981
1538046.38349,3,-0.095,0.312,9.794,4,-0.0,0.0,-0.0,5,-0.994,-21.225,-21.094
1538046.40307,3,-0.093,0.316,9.799,4,0.0,0.0,0.0,5,-0.825,-21.094,-20.981
1538046.44223,3,-0.098,0.307,9.806,4,-0.0,0.0,-0.0,5,-0.713,-21.413,-21.094
1538046.46182,3,-0.103,0.314,9.811,4,0.0,0.0,-0.0,5,-0.9,-21.375,-21.038
1538046.4814,3,-0.103,0.314,9.802,4,0.001,0.0,0.0,5,-0.638,-21.694,-21.075
1538046.50098,3,-0.105,0.314,9.811,4,0.0,0.0,0.0,5,-0.338,-21.731,-20.813
1538046.52056,3,-0.1,0.312,9.806,4,0.0,0.0,0.0,5,-0.131,-21.656,-20.925
1538046.54015,3,-0.095,0.304,9.804,4,-0.0,0.0,-0.0,5,-0.375,-21.525,-21.019
1538046.57931,3,-0.095,0.314,9.806,4,-0.0,0.0,-0.0,5,-0.656,-21.581,-21.056
1538046.59889,3,-0.107,0.307,9.806,4,0.001,-0.001,0.0,5,-0.769,-21.45,-21.131
1538046.61847,3,-0.091,0.312,9.804,4,0.0,0.0,-0.0,5,-0.619,-21.263,-21.0
1538046.63806,3,-0.103,0.316,9.809,4,-0.001,0.0,0.0,5,-0.788,-21.225,-21.019
1538046.67722,3,-0.107,0.314,9.811,4,0.0,0.0,0.0,5,-1.275,-21.45,-21.431
1538046.6968,3,-0.103,0.319,9.809,4,0.0,0.0,-0.0,5,-1.313,-21.638,-21.113
1538046.71639,3,-0.088,0.307,9.794,4,-0.001,0.0,-0.0,5,-1.256,-21.675,-21.019
1538046.73597,3,-0.086,0.312,9.806,4,-0.001,0.0,-0.0,5,-1.219,-21.713,-20.944
1538046.77513,3,-0.107,0.314,9.806,4,0.0,0.0,-0.0,5,-1.5,-21.863,-20.813
1538046.79471,3,-0.098,0.316,9.794,4,0.0,0.0,0.0,5,-1.65,-21.994,-20.888
1538046.8143,3,-0.093,0.314,9.806,4,-0.001,0.0,-0.0,5,-1.406,-21.919,-20.869
1538046.83388,3,-0.091,0.314,9.794,4,-0.001,-0.001,-0.0,5,-1.406,-21.863,-20.906
1538046.85346,3,-0.098,0.314,9.811,4,0.0,-0.001,-0.0,5,-1.388,-21.938,-20.888
1538046.87304,3,-0.1,0.304,9.802,4,0.0,0.0,-0.0,5,-1.444,-21.713,-20.756
1538046.89263,3,-0.095,0.309,9.804,4,0.0,0.0,-0.0,5,-1.556,-21.694,-20.775
1538046.91221,3,-0.11,0.307,9.802,4,0.0,0.0,-0.0,5,-1.538,-21.488,-20.644
1538046.93179,3,-0.105,0.307,9.811,4,-0.0,0.0,0.0,5,-1.669,-21.488,-20.644
1538046.95137,3,-0.107,0.312,9.794,4,0.0,0.0,0.0,5,-1.406,-20.963,-20.55
1538046.97096,3,-0.098,0.304,9.809,4,-0.0,-0.001,-0.0,5,-1.219,-20.906,-20.456
1538046.99054,3,-0.088,0.304,9.814,4,-0.0,-0.001,0.0,5,-1.406,-21.0,-20.363
1538047.01012,3,-0.088,0.304,9.806,4,0.0,0.0,-0.0,5,-1.294,-21.113,-20.513
1538047.04928,3,-0.093,0.316,9.806,4,0.0,0.0,-0.0,5,-0.956,-21.0,-20.588
1538047.06887,3,-0.098,0.321,9.809,4,-0.0,0.0,0.0,5,-0.675,-21.319,-20.775
1538047.08845,3,-0.088,0.314,9.809,4,-0.0,0.001,0.0,5,-0.431,-21.375,-20.756
1538047.10803,3,-0.103,0.319,9.826,4,0.0,-0.001,-0.0,5,-0.638,-21.638,-20.588
1538047.1472,3,-0.098,0.307,9.809,4,0.0,0.0,-0.0,5,-0.656,-21.544,-20.475
1538047.16678,3,-0.103,0.316,9.809,4,0.0,-0.001,0.0,5,-0.694,-21.356,-20.4
1538047.18636,3,-0.11,0.312,9.799,4,0.0,-0.001,0.0,5,-0.675,-21.3,-20.438
1538047.20594,3,-0.112,0.314,9.811,4,0.0,-0.001,-0.0,5,-0.806,-21.675,-20.625
1538047.24511,3,-0.088,0.312,9.79,4,0.0,0.0,0.0,5,-1.031,-21.675,-20.494
1538047.26469,3,-0.098,0.312,9.797,4,-0.0,-0.001,0.0,5,-0.975,-21.544,-20.663
1538047.28427,3,-0.091,0.319,9.802,4,-0.0,-0.001,0.0,5,-0.788,-21.581,-20.663
1538047.32344,3,-0.107,0.314,9.804,4,-0.0,0.0,-0.0,5,-0.581,-21.694,-20.963
1538047.34302,3,-0.095,0.316,9.802,4,0.001,-0.001,-0.0,5,-0.581,-21.638,-21.094
1538047.3626,3,-0.098,0.312,9.809,4,0.001,-0.001,0.0,5,-0.638,-21.731,-21.038
1538047.40177,3,-0.093,0.309,9.797,4,-0.0,0.0,0.0,5,-0.431,-21.131,-20.85
1538047.42135,3,-0.093,0.312,9.806,4,-0.0,0.0,0.0,5,-0.413,-21.338,-20.888
1538047.46051,3,-0.105,0.314,9.809,4,-0.0,-0.0,0.0,5,-0.806,-21.131,-20.925
1538047.48009,3,-0.105,0.302,9.799,4,0.0,0.0,-0.0,5,-0.919,-21.0,-20.813
1538047.49968,3,-0.105,0.309,9.802,4,-0.0,0.001,-0.0,5,-0.806,-21.169,-20.738
1538047.51926,3,-0.091,0.314,9.806,4,0.0,0.0,0.0,5,-0.713,-21.206,-20.738
1538047.53884,3,-0.098,0.316,9.816,4,-0.0,0.0,-0.0,5,-0.581,-21.469,-20.569
1538047.55842,3,-0.091,0.307,9.821,4,-0.0,0.0,-0.0,5,-0.619,-21.375,-20.475
1538047.59759,3,-0.105,0.309,9.814,4,0.0,0.0,0.0,5,-0.525,-21.469,-20.325
1538047.61717,3,-0.107,0.312,9.804,4,0.0,0.0,0.0,5,-0.469,-21.525,-20.381
1538047.65634,3,-0.088,0.319,9.794,4,0.0,0.0,-0.0,5,-0.469,-21.244,-20.419
1538047.6955,3,-0.103,0.316,9.804,4,-0.0,0.0,0.0,5,-0.656,-21.113,-20.644
1538047.71508,3,-0.11,0.312,9.806,4,-0.0,0.0,-0.0,5,-0.75,-21.394,-20.981
1538047.73466,3,-0.112,0.307,9.804,4,0.0,0.0,0.0,5,-1.088,-21.394,-20.888
1538047.75425,3,-0.105,0.304,9.802,4,0.0,0.0,-0.0,5,-0.994,-21.206,-20.888
1538047.77383,3,-0.1,0.314,9.811,4,-0.0,0.0,-0.0,5,-0.938,-21.225,-20.906
1538047.81299,3,-0.095,0.316,9.799,4,0.0,0.001,0.0,5,-0.994,-21.563,-20.813
1538047.83258,3,-0.091,0.309,9.806,4,0.0,0.0,-0.0,5,-0.825,-21.581,-20.794
1538047.85216,3,-0.098,0.309,9.806,4,-0.0,0.0,-0.0,5,-0.881,-21.581,-20.794
1538047.89132,3,-0.103,0.309,9.806,4,-0.0,0.0,0.0,5,-0.75,-21.263,-20.456
1538047.9109,3,-0.103,0.312,9.809,4,-0.0,0.0,-0.0,5,-0.731,-21.394,-20.813
1538047.93049,3,-0.098,0.304,9.802,4,0.0,-0.0,-0.0,5,-0.619,-21.375,-20.55
1538047.95007,3,-0.088,0.312,9.794,4,0.001,0.0,-0.0,5,-0.675,-21.45,-20.625
1538047.96965,3,-0.095,0.319,9.804,4,0.0,-0.0,-0.001,5,-0.694,-21.469,-20.7
1538048.00882,3,-0.105,0.316,9.811,4,0.0,0.0,-0.0,5,-0.75,-21.394,-20.55
1538048.0284,3,-0.098,0.319,9.806,4,0.0,0.0,-0.0,5,-0.806,-21.413,-20.588
1538048.04798,3,-0.098,0.319,9.816,4,0.0,0.001,-0.0,5,-0.581,-21.431,-20.981
1538048.06756,3,-0.098,0.312,9.804,4,0.0,0.0,0.0,5,-0.675,-21.375,-20.794
1538048.10673,3,-0.098,0.312,9.797,4,0.0,-0.001,0.0,5,-0.619,-21.394,-21.056
1538048.16547,3,-0.105,0.319,9.814,4,0.0,-0.001,-0.0,5,-0.506,-21.244,-20.925
1538048.18506,3,-0.098,0.316,9.806,4,0.0,0.0,-0.0,5,-0.469,-21.563,-20.963
1538048.20464,3,-0.1,0.314,9.799,4,-0.0,0.0,0.0,5,-0.188,-21.656,-21.0
1538048.22422,3,-0.093,0.304,9.804,4,0.0,0.0,0.0,5,-0.431,-21.563,-20.906
1538048.26339,3,-0.095,0.324,9.809,4,0.0,0.001,-0.0,5,-0.3,-21.675,-21.019
1538048.28297,3,-0.1,0.307,9.799,4,-0.0,0.0,-0.0,5,-0.225,-21.694,-20.944
1538048.30255,3,-0.098,0.309,9.804,4,0.0,0.0,-0.0,5,-0.338,-21.619,-20.925
1538048.34171,3,-0.103,0.307,9.799,4,-0.001,0.0,-0.0,5,-0.656,-21.469,-21.206
1538048.3613,3,-0.1,0.319,9.787,4,0.0,0.0,-0.0,5,-0.825,-21.544,-21.413
1538048.40046,3,-0.091,0.307,9.811,4,-0.0,0.0,0.0,5,-0.563,-21.581,-20.981
1538048.43963,3,-0.098,0.324,9.811,4,-0.0,0.0,0.0,5,-0.881,-21.563,-21.281
1538048.45921,3,-0.086,0.307,9.799,4,-0.0,-0.001,-0.0,5,-0.769,-21.731,-21.3
1538048.47879,3,-0.098,0.321,9.804,4,-0.0,0.0,-0.0,5,-0.638,-21.881,-21.113
1538048.49837,3,-0.1,0.314,9.811,4,0.0,0.0,-0.0,5,-0.45,-21.938,-20.888
1538048.51796,3,-0.11,0.314,9.792,4,0.0,0.0,0.0,5,-0.506,-21.938,-20.606
1538048.55712,3,-0.103,0.312,9.804,4,0.0,0.0,0.0,5,-0.975,-22.125,-20.794
1538048.5767,3,-0.095,0.314,9.792,4,0.0,-0.001,0.0,5,-1.088,-22.05,-20.494
1538048.59628,3,-0.093,0.314,9.804,4,-0.0,0.0,0.0,5,-1.013,-21.881,-20.288
1538048.61587,3,-0.093,0.319,9.811,4,-0.0,0.001,-0.0,5,-1.181,-21.675,-20.325
1538048.63545,3,-0.107,0.309,9.814,4,0.0,0.0,0.0,5,-1.125,-21.525,-20.381
1538048.65503,3,-0.1,0.314,9.802,4,0.001,-0.001,0.0,5,-1.106,-21.319,-20.4
1538048.67461,3,-0.103,0.314,9.804,4,0.0,0.0,-0.0,5,-1.05,-21.075,-20.456
1538048.6942,3,-0.105,0.309,9.806,4,0.0,-0.001,0.0,5,-0.994,-21.15,-20.606
1538048.71378,3,-0.091,0.316,9.804,4,0.001,-0.001,0.0,5,-1.013,-21.075,-20.4
1538048.73336,3,-0.103,0.307,9.811,4,0.001,-0.001,-0.0,5,-1.013,-21.206,-20.344
1538048.75294,3,-0.1,0.312,9.799,4,0.0,0.0,-0.0,5,-1.013,-21.206,-20.344
1538048.79211,3,-0.105,0.312,9.804,4,0.0,0.0,0.0,5,-1.013,-21.563,-20.55
1538048.81169,3,-0.103,0.312,9.802,4,-0.0,0.0,-0.0,5,-0.994,-21.675,-20.569
1538048.83127,3,-0.103,0.319,9.814,4,-0.0,0.001,-0.0,5,-0.975,-21.938,-20.588
1538048.85085,3,-0.1,0.321,9.806,4,-0.0,0.001,-0.0,5,-0.919,-21.975,-20.4
1538048.89002,3,-0.103,0.324,9.804,4,-0.0,0.0,0.0,5,-0.863,-21.881,-20.625
1538048.9096,3,-0.095,0.312,9.804,4,-0.0,0.001,0.0,5,-0.75,-21.769,-20.925
1538048.92918,3,-0.095,0.324,9.792,4,-0.0,0.0,0.0,5,-1.031,-21.488,-21.056
1538048.94877,3,-0.112,0.316,9.804,4,0.0,-0.001,-0.0,5,-0.731,-21.506,-20.981
1538048.96835,3,-0.105,0.319,9.802,4,0.0,-0.001,-0.0,5,-0.638,-21.356,-21.019
1538049.00751,3,-0.1,0.314,9.816,4,0.0,0.0,-0.0,5,-0.806,-21.375,-21.281
1538049.0271,3,-0.093,0.302,9.802,4,0.002,-0.002,0.0,5,-0.638,-21.581,-21.263
1538049.10542,3,-0.098,0.312,9.797,4,-0.0,0.0,0.0,5,-0.544,-21.581,-20.756
1538049.12501,3,-0.093,0.314,9.802,4,0.0,0.0,-0.0,5,-0.619,-21.6,-20.775
1538049.16417,3,-0.095,0.312,9.809,4,0.0,0.0,-0.0,5,-0.825,-21.825,-20.756
1538049.18375,3,-0.091,0.312,9.814,4,-0.001,0.0,0.0,5,-0.731,-22.106,-20.756
1538049.22292,3,-0.103,0.321,9.802,4,0.0,-0.001,0.0,5,-0.619,-22.181,-20.738
1538049.2425,3,-0.093,0.321,9.814,4,0.0,0.0,0.0,5,-0.863,-22.181,-20.869
1538049.26208,3,-0.095,0.312,9.797,4,0.001,-0.0,0.0,5,-1.05,-22.125,-20.869
1538049.28166,3,-0.095,0.314,9.802,4,-0.001,-0.0,-0.0,5,-1.163,-22.144,-20.888
1538049.30125,3,-0.105,0.316,9.799,4,0.0,0.0,-0.0,5,-1.35,-22.05,-20.756
1538049.32083,3,-0.098,0.316,9.799,4,0.0,-0.0,0.0,5,-1.219,-21.956,-20.663
1538049.34041,3,-0.091,0.321,9.809,4,-0.001,0.0,-0.0,5,-1.256,-21.825,-20.663
1538049.35999,3,-0.098,0.319,9.814,4,-0.001,0.001,-0.0,5,-1.444,-21.638,-20.85
1538049.37958,3,-0.1,0.307,9.804,4,0.0,0.0,0.0,5,-1.35,-21.544,-20.569
1538049.41874,3,-0.1,0.304,9.804,4,0.0,-0.0,-0.0,5,-0.994,-21.431,-20.381
1538049.45791,3,-0.088,0.319,9.797,4,0.0,-0.0,-0.0,5,-0.9,-21.488,-20.438
1538049.47749,3,-0.095,0.309,9.806,4,0.0,-0.0,-0.0,5,-0.844,-21.206,-20.438
1538049.51665,3,-0.095,0.312,9.802,4,-0.001,0.0,0.0,5,-0.6,-21.131,-20.194
1538049.53623,3,-0.098,0.309,9.804,4,-0.001,0.001,-0.0,5,-0.938,-21.206,-20.306
1538049.55582,3,-0.098,0.312,9.811,4,0.001,-0.0,-0.0,5,-0.825,-21.056,-20.475
1538049.5754,3,-0.105,0.314,9.806,4,0.0,-0.0,-0.0,5,-0.919,-21.188,-20.7
1538049.59498,3,-0.107,0.307,9.792,4,-0.001,0.0,-0.0,5,-0.881,-21.188,-20.794
1538049.61456,3,-0.103,0.314,9.806,4,-0.001,0.001,-0.0,5,-0.844,-21.281,-20.663
1538049.63415,3,-0.095,0.312,9.799,4,-0.002,0.002,-0.0,5,-0.9,-21.6,-20.7
1538049.65373,3,-0.091,0.312,9.814,4,0.0,-0.0,0.0,5,-0.956,-21.788,-20.831
1538049.69289,3,-0.083,0.319,9.804,4,-0.0,0.0,-0.0,5,-1.163,-22.106,-20.756
1538049.71248,3,-0.103,0.316,9.802,4,0.0,-0.0,-0.0,5,-1.125,-22.35,-20.719
1538049.73206,3,-0.105,0.307,9.806,4,0.0,0.0,-0.0,5,-1.088,-22.313,-20.756
1538049.75164,3,-0.1,0.312,9.802,4,-0.0,0.0,-0.0,5,-1.219,-22.219,-20.7
1538049.77122,3,-0.091,0.316,9.809,4,-0.0,0.001,0.0,5,-1.088,-22.238,-20.625
1538049.7908,3,-0.093,0.316,9.794,4,0.001,0.0,-0.0,5,-1.013,-21.975,-20.569
1538049.81039,3,-0.083,0.316,9.814,4,0.001,-0.0,0.0,5,-1.069,-21.863,-20.588
1538049.82997,3,-0.088,0.314,9.806,4,0.001,-0.001,0.0,5,-1.144,-21.788,-20.531
1538049.86913,3,-0.105,0.307,9.797,4,0.0,0.0,-0.0,5,-0.731,-21.413,-20.438
1538049.88872,3,-0.107,0.307,9.804,4,0.001,-0.0,-0.0,5,-1.013,-21.413,-20.438
1538049.9083,3,-0.1,0.309,9.797,4,-0.0,-0.0,-0.0,5,-0.938,-21.338,-20.419
1538049.92788,3,-0.081,0.316,9.806,4,-0.001,0.0,-0.0,5,-1.031,-21.206,-20.644
1538049.94746,3,-0.091,0.309,9.799,4,-0.0,0.0,-0.0,5,-1.125,-21.45,-20.719
1538049.96705,3,-0.098,0.319,9.806,4,-0.0,0.0,0.0,5,-0.919,-21.15,-20.7
1538050.00621,3,-0.098,0.316,9.806,4,-0.0,0.001,0.0,5,-1.181,-21.15,-20.925
1538050.04537,3,-0.105,0.316,9.804,4,-0.001,0.001,-0.0,5,-1.331,-21.15,-20.831
1538050.06496,3,-0.1,0.309,9.794,4,-0.0,0.0,-0.0,5,-1.388,-20.944,-20.625
1538050.08454,3,-0.098,0.316,9.804,4,0.0,-0.0,0.0,5,-1.425,-21.206,-20.513
1538050.10412,3,-0.095,0.314,9.806,4,0.0,-0.0,0.0,5,-1.406,-21.319,-20.4
1538050.1237,3,-0.095,0.309,9.809,4,0.002,-0.002,0.0,5,-1.406,-21.131,-20.363
1538050.14329,3,-0.103,0.319,9.797,4,0.001,-0.001,0.0,5,-1.556,-21.544,-20.419
1538050.16287,3,-0.107,0.309,9.809,4,0.001,-0.001,-0.0,5,-1.613,-21.731,-20.1
1538050.18245,3,-0.1,0.319,9.802,4,0.001,-0.0,0.0,5,-1.519,-21.544,-20.194
1538050.20203,3,-0.098,0.307,9.797,4,0.0,-0.0,-0.0,5,-1.369,-21.544,-20.231
1538050.22162,3,-0.107,0.307,9.806,4,0.0,0.0,0.0,5,-1.069,-21.75,-20.306
1538050.2412,3,-0.098,0.316,9.792,4,-0.0,0.0,-0.0,5,-0.975,-21.694,-20.625
1538050.26078,3,-0.088,0.314,9.804,4,0.0,-0.0,-0.0,5,-0.956,-21.525,-20.475
1538050.28036,3,-0.093,0.319,9.814,4,-0.001,0.0,-0.0,5,-1.031,-21.638,-20.494
1538050.29994,3,-0.088,0.314,9.799,4,-0.0,0.0,0.0,5,-1.275,-21.469,-20.513
1538050.31953,3,-0.095,0.324,9.806,4,-0.0,0.0,-0.0,5,-1.238,-21.488,-20.588
1538050.33911,3,-0.105,0.316,9.802,4,0.0,0.0,0.0,5,-1.238,-21.544,-20.531
1538050.37827,3,-0.105,0.316,9.794,4,0.0,0.0,-0.0,5,-1.575,-21.45,-20.531
1538050.39786,3,-0.098,0.314,9.816,4,0.0,-0.0,-0.0,5,-1.594,-21.338,-20.419
1538050.41744,3,-0.095,0.316,9.804,4,0.0,-0.0,-0.0,5,-1.5,-21.3,-20.588
1538050.43702,3,-0.1,0.314,9.799,4,0.0,-0.0,-0.0,5,-1.35,-21.263,-20.644
1538050.47619,3,-0.093,0.312,9.804,4,0.0,-0.0,0.0,5,-0.919,-21.113,-20.719
1538050.49577,3,-0.098,0.307,9.804,4,0.001,-0.0,0.0,5,-0.844,-21.131,-20.794
1538050.51535,3,-0.098,0.312,9.809,4,0.0,-0.0,0.0,5,-0.863,-21.244,-20.681
1538050.53493,3,-0.093,0.309,9.802,4,0.0,-0.0,0.0,5,-0.488,-21.338,-20.55
1538050.55451,3,-0.1,0.316,9.799,4,-0.0,0.0,0.0,5,-0.375,-21.169,-20.569
1538050.5741,3,-0.107,0.314,9.809,4,0.001,-0.0,0.0,5,-0.45,-21.094,-20.7
1538050.59368,3,-0.103,0.316,9.794,4,0.0,0.0,-0.0,5,-0.45,-21.094,-20.794
1538050.61326,3,-0.098,0.302,9.806,4,-0.0,0.001,-0.001,5,-0.525,-21.113,-20.85
1538050.63284,3,-0.105,0.309,9.799,4,-0.0,0.0,-0.0,5,-0.525,-21.263,-20.85
1538050.65243,3,-0.093,0.312,9.802,4,0.0,-0.0,-0.0,5,-0.525,-21.3,-20.888
1538050.67201,3,-0.091,0.314,9.802,4,-0.001,0.001,0.0,5,-0.356,-21.225,-21.094
1538050.69159,3,-0.105,0.312,9.799,4,0.0,0.0,-0.0,5,-0.394,-21.15,-21.338
1538050.71117,3,-0.1,0.307,9.797,4,0.001,-0.001,0.0,5,-0.731,-21.413,-21.413
1538050.73076,3,-0.1,0.312,9.809,4,-0.001,0.0,-0.0,5,-0.75,-21.769,-21.244
1538050.75034,3,-0.1,0.309,9.814,4,0.0,-0.0,0.0,5,-0.844,-21.863,-21.0
1538050.76992,3,-0.095,0.316,9.816,4,0.0,0.0,-0.0,5,-0.956,-21.788,-20.794
1538050.7895,3,-0.098,0.316,9.811,4,0.0,0.0,-0.0,5,-0.956,-21.788,-20.925
1538050.80908,3,-0.103,0.312,9.799,4,0.0,0.0,0.0,5,-0.769,-21.881,-20.981
1538050.82867,3,-0.103,0.3,9.806,4,-0.001,0.0,-0.0,5,-0.844,-21.863,-21.056
1538050.84825,3,-0.098,0.316,9.799,4,0.001,-0.0,-0.0,5,-1.05,-21.694,-20.981
1538050.86783,3,-0.103,0.307,9.806,4,0.0,-0.0,-0.0,5,-0.863,-21.694,-20.888
1538050.907,3,-0.095,0.319,9.809,4,-0.001,0.001,-0.0,5,-0.75,-21.675,-21.056
1538050.94616,3,-0.103,0.312,9.811,4,0.0,-0.0,-0.0,5,-0.581,-21.881,-21.169
1538050.96574,3,-0.098,0.319,9.804,4,-0.001,0.0,-0.0,5,-0.544,-22.013,-21.038
1538050.98533,3,-0.095,0.324,9.814,4,-0.001,0.0,-0.0,5,-0.713,-21.806,-20.775
1538051.00491,3,-0.093,0.316,9.816,4,-0.001,0.001,0.0,5,-0.731,-21.881,-20.569
1538051.02449,3,-0.093,0.316,9.799,4,-0.001,0.001,0.001,5,-0.713,-22.2,-20.419
1538051.06365,3,-0.095,0.312,9.797,4,0.0,0.0,0.0,5,-0.45,-21.975,-20.494
1538051.08324,3,-0.095,0.307,9.802,4,0.0,-0.0,-0.0,5,-0.356,-22.013,-20.4
1538051.10282,3,-0.088,0.312,9.809,4,-0.001,0.0,0.0,5,-0.319,-21.731,-20.494
1538051.14198,3,-0.105,0.312,9.799,4,0.0,0.0,0.0,5,-0.413,-21.994,-20.438
1538051.16157,3,-0.095,0.309,9.811,4,-0.0,0.0,-0.0,5,-0.394,-21.881,-20.513
1538051.18115,3,-0.095,0.314,9.799,4,-0.0,0.0,-0.0,5,-0.338,-21.544,-20.738
1538051.20073,3,-0.1,0.312,9.799,4,0.001,-0.0,-0.0,5,-0.544,-21.656,-20.625
1538051.22031,3,-0.107,0.314,9.811,4,0.001,-0.0,-0.0,5,-0.525,-21.694,-20.738
1538051.25948,3,-0.091,0.314,9.804,4,0.0,-0.0,0.0,5,-1.144,-21.431,-20.531
1538051.27906,3,-0.091,0.309,9.802,4,-0.0,0.0,-0.0,5,-1.088,-21.0,-20.588
1538051.29864,3,-0.1,0.309,9.802,4,-0.001,0.0,-0.0,5,-1.088,-20.756,-20.588
1538051.31822,3,-0.11,0.312,9.809,4,-0.0,0.001,0.0,5,-1.088,-20.756,-20.531
1538051.33781,3,-0.088,0.324,9.802,4,-0.0,0.001,0.0,5,-1.294,-20.963,-20.456
1538051.37697,3,-0.105,0.309,9.794,4,0.0,0.0,-0.0,5,-1.388,-20.569,-20.775
1538051.41614,3,-0.088,0.314,9.809,4,0.0,0.0,-0.0,5,-1.519,-20.756,-21.0
1538051.4553,3,-0.103,0.314,9.809,4,0.0,0.0,0.0,5,-1.406,-20.813,-21.038
1538051.47488,3,-0.091,0.314,9.806,4,0.0,0.0,0.0,5,-1.463,-20.813,-20.944
1538051.49447,3,-0.1,0.307,9.799,4,0.001,-0.001,-0.0,5,-1.35,-20.794,-20.981
1538051.51405,3,-0.11,0.309,9.809,4,0.001,-0.001,-0.0,5,-1.294,-20.925,-21.094
1538051.53363,3,-0.093,0.307,9.794,4,0.001,-0.001,-0.0,5,-1.238,-21.113,-20.869
1538051.57279,3,-0.103,0.319,9.809,4,0.001,-0.001,0.0,5,-0.844,-21.263,-20.55
1538051.59238,3,-0.1,0.321,9.806,4,-0.0,-0.001,0.0,5,-0.825,-21.525,-20.606
1538051.63154,3,-0.091,0.307,9.802,4,0.0,-0.001,0.0,5,-1.256,-22.069,-20.775
1538051.65112,3,-0.086,0.307,9.761,4,-0.0,0.0,-0.0,5,-1.125,-22.125,-20.775
1538051.69029,3,-0.107,0.307,9.759,4,-0.0,0.0,0.0,5,-1.331,-22.088,-20.738
1538051.72945,3,-0.105,0.309,9.804,4,0.001,-0.001,-0.0,5,-1.65,-21.863,-20.794
1538051.74904,3,-0.107,0.316,9.804,4,0.001,-0.001,-0.0,5,-1.669,-21.6,-20.831
1538051.76862,3,-0.091,0.319,9.799,4,0.001,-0.0,-0.0,5,-1.688,-21.488,-20.625
1538051.7882,3,-0.095,0.316,9.802,4,0.001,-0.001,-0.0,5,-1.575,-21.263,-20.869
1538051.80778,3,-0.074,0.314,9.806,4,0.0,-0.0,0.0,5,-1.763,-21.206,-20.681
1538051.82736,3,-0.098,0.314,9.797,4,-0.001,0.0,0.0,5,-1.8,-21.169,-20.606
1538051.86653,3,-0.093,0.309,9.811,4,0.0,0.0,0.0,5,-1.613,-21.131,-20.569
1538051.88611,3,-0.098,0.314,9.797,4,-0.001,0.001,0.0,5,-1.613,-20.85,-20.569
1538051.90569,3,-0.11,0.324,9.809,4,-0.001,0.0,-0.0,5,-1.706,-21.038,-20.475
1538051.92528,3,-0.107,0.307,9.799,4,-0.0,-0.0,0.0,5,-1.838,-21.188,-20.288
1538051.98402,3,-0.103,0.319,9.809,4,-0.001,0.0,0.0,5,-1.725,-21.131,-20.269
1538052.00361,3,-0.093,0.312,9.811,4,-0.001,0.001,0.0,5,-1.8,-21.113,-20.419
1538052.02319,3,-0.086,0.314,9.804,4,-0.001,0.001,0.0,5,-1.838,-21.188,-20.306
1538052.04277,3,-0.098,0.319,9.802,4,-0.001,0.001,-0.0,5,-1.744,-21.563,-20.306
1538052.06235,3,-0.103,0.316,9.802,4,-0.001,0.0,-0.0,5,-1.65,-21.694,-20.213
1538052.08194,3,-0.1,0.316,9.806,4,-0.0,0.0,0.0,5,-1.575,-21.731,-20.344
1538052.1211,3,-0.095,0.319,9.806,4,-0.001,0.001,0.0,5,-1.5,-21.525,-20.456
1538052.14068,3,-0.086,0.314,9.809,4,0.001,-0.0,0.0,5,-1.538,-21.619,-20.494
1538052.16026,3,-0.095,0.319,9.804,4,-0.001,0.0,0.0,5,-1.406,-21.713,-20.494
1538052.17985,3,-0.091,0.316,9.797,4,-0.001,0.001,0.0,5,-1.406,-21.563,-20.438
1538052.19943,3,-0.098,0.321,9.814,4,-0.001,0.001,0.0,5,-1.388,-21.169,-20.55
1538052.21901,3,-0.098,0.316,9.804,4,-0.0,0.0,-0.0,5,-1.463,-21.0,-20.888
1538052.23859,3,-0.095,0.314,9.806,4,0.001,-0.0,0.0,5,-1.5,-21.094,-20.85
