8910.96186,3,0.077,0.077,9.117,5,2.812,-28.75,-19.438
8910.98184,3,0.0,0.038,9.155,5,2.688,-28.812,-19.438
8911.00177,3,-0.153,0.153,9.232,5,2.812,-29.0,-19.375
8911.02183,3,-0.038,0.115,9.347,5,2.938,-28.562,-19.312
8911.04185,3,-0.038,0.0,9.232,5,2.75,-28.5,-19.312
8911.06189,3,0.192,0.0,9.347,5,2.5,-28.625,-19.25
8911.08175,3,0.038,0.192,9.27,5,2.375,-28.812,-19.5
8911.10176,3,0.038,0.038,9.194,5,2.5,-29.0,-19.312
8911.12194,3,0.115,0.115,9.232,5,2.312,-28.938,-19.625
8911.1419,3,0.038,0.0,9.232,5,2.375,-29.0,-19.5
8911.16191,3,0.077,-0.038,9.27,5,2.312,-28.812,-19.625
8911.18192,3,0.115,0.0,9.27,5,2.062,-28.875,-19.938
8911.20192,3,0.0,0.115,9.309,5,2.312,-28.562,-19.875
8911.22191,3,0.115,0.115,9.194,5,2.438,-28.5,-19.938
8911.24193,3,0.115,0.077,9.309,5,2.812,-28.25,-19.812
8911.26191,3,0.038,0.153,9.309,5,2.625,-28.25,-19.938
8911.28193,3,0.077,0.153,9.194,5,2.625,-28.25,-20.125
8911.30171,3,0.0,0.115,9.194,5,2.688,-27.938,-20.125
8911.32192,3,0.038,0.038,9.27,5,2.688,-27.938,-19.938
8911.3419,3,0.0,0.077,9.232,5,3.0,-27.812,-19.625
8911.36192,3,0.0,0.038,9.232,5,3.062,-28.062,-19.625
8911.38194,3,-0.077,0.038,9.232,5,3.188,-28.062,-19.438
8911.40174,3,-0.038,0.038,9.194,5,2.75,-28.062,-19.625
8911.42193,3,0.077,0.038,9.194,5,2.75,-28.125,-19.75
8911.44194,3,0.038,0.115,9.27,5,2.0,-28.125,-19.188
8911.46192,3,0.077,0.115,9.27,5,2.0,-28.188,-19.375
8911.48191,3,-0.038,0.038,9.27,5,2.0,-28.5,-19.5
8911.5017,3,0.0,0.192,9.232,5,1.562,-28.75,-19.75
8911.52185,3,-0.077,0.153,9.232,5,1.5,-28.625,-19.75
8911.54184,3,0.0,0.115,9.232,5,1.375,-28.812,-20.188
8911.56183,3,-0.038,0.0,9.309,5,1.562,-29.0,-20.0
8911.58185,3,0.115,0.115,9.194,5,1.688,-28.812,-19.75
8911.60171,3,0.038,0.077,9.232,5,2.188,-28.75,-20.25
8911.62184,3,0.115,0.077,9.232,5,2.188,-28.875,-20.062
8911.64183,3,0.038,-0.038,9.194,5,2.0,-28.688,-20.0
8911.66193,3,0.0,0.153,9.194,5,2.5,-28.5,-19.75
8911.68193,3,-0.038,0.153,9.194,5,2.5,-28.562,-19.562
8911.70172,3,0.077,0.038,9.309,5,2.188,-28.5,-19.312
8911.72195,3,0.0,0.077,9.155,5,2.188,-28.625,-19.438
8911.74193,3,0.115,0.077,9.194,5,2.188,-28.75,-19.625
8911.76193,3,0.038,0.038,9.309,5,2.188,-28.5,-19.5
8911.78191,3,0.077,0.0,9.232,5,2.438,-28.312,-19.688
8911.80195,3,0.038,0.153,9.194,5,2.688,-28.688,-19.375
8911.82174,3,0.038,-0.038,9.194,5,2.375,-28.812,-19.562
8911.84189,3,0.038,0.0,9.194,5,2.312,-28.938,-19.812
8911.8619,3,0.077,0.038,9.194,5,2.375,-29.0,-19.438
8911.8819,3,0.038,0.115,9.232,5,2.375,-28.938,-19.5
8911.90172,3,0.038,0.077,9.194,5,2.062,-29.25,-19.062
8911.92188,3,0.077,0.115,9.27,5,2.125,-29.438,-19.312
8911.94194,3,-0.038,0.192,9.27,5,1.938,-29.5,-19.188
8911.96194,3,0.038,0.0,9.309,5,1.875,-29.25,-19.438
8911.98192,3,-0.038,0.077,9.194,5,1.938,-29.125,-19.312
8912.00193,3,-0.038,0.077,9.194,5,2.062,-29.062,-19.188
8912.02194,3,0.077,0.077,9.232,5,2.5,-28.938,-19.625
8912.04193,3,0.0,0.077,9.232,5,2.5,-29.0,-19.312
8912.06194,3,0.0,0.077,9.27,5,2.812,-28.438,-19.688
8912.08194,3,0.0,0.077,9.27,5,2.812,-28.375,-19.5
8912.10175,3,0.077,0.0,9.232,5,3.062,-28.25,-19.438
8912.12171,3,0.0,0.038,9.194,5,2.938,-28.25,-19.375
8912.14173,3,-0.038,0.038,9.194,5,2.812,-28.25,-19.625
8912.16185,3,0.0,0.038,9.27,5,3.0,-28.438,-19.562
8912.18183,3,0.038,0.0,9.27,5,2.812,-28.875,-19.438
8912.20186,3,0.038,0.038,9.232,5,2.812,-29.0,-19.562
8912.22185,3,-0.038,0.115,9.194,5,2.75,-29.625,-19.438
8912.24184,3,0.0,0.038,9.155,5,2.75,-29.75,-19.5
8912.2617,3,0.0,0.115,9.27,5,2.625,-29.938,-19.625
8912.28185,3,-0.038,0.153,9.232,5,3.062,-29.812,-19.625
8912.30184,3,-0.115,0.192,9.27,5,3.062,-30.125,-19.312
8912.32192,3,0.077,0.23,9.27,5,2.625,-30.062,-19.438
8912.34193,3,-0.038,0.192,9.194,5,2.625,-29.625,-19.562
8912.36194,3,0.038,0.192,9.309,5,2.562,-29.312,-19.438
8912.38192,3,0.115,0.115,9.194,5,2.125,-28.688,-18.562
8912.40199,3,0.0,0.115,9.232,5,2.25,-28.25,-18.5
8912.42195,3,0.038,0.115,9.309,5,2.25,-28.125,-18.688
8912.44193,3,0.0,0.153,9.27,5,2.062,-27.625,-18.75
8912.46191,3,-0.038,0.153,9.194,5,2.0,-27.438,-18.938
8912.48194,3,0.0,0.115,9.232,5,2.188,-27.375,-19.0
8912.50193,3,0.0,0.192,9.232,5,2.0,-27.188,-19.062
8912.52192,3,0.0,0.077,9.194,5,2.125,-26.938,-19.188
8912.54192,3,0.0,0.0,9.194,5,2.5,-27.312,-20.312
8912.56194,3,0.038,0.0,9.232,5,2.438,-27.625,-20.562
8912.58193,3,-0.115,0.077,9.309,5,2.312,-27.812,-20.25
8912.60192,3,0.0,0.077,9.232,5,2.188,-28.562,-20.312
8912.62195,3,0.038,0.077,9.232,5,2.312,-28.562,-20.125
8912.64193,3,0.153,0.0,9.155,5,2.0,-28.5,-20.062
8912.66192,3,0.038,0.0,9.155,5,2.125,-28.5,-20.062
8912.68194,3,-0.038,0.192,9.155,5,2.188,-28.5,-20.125
8912.70193,3,-0.038,0.038,9.232,5,2.5,-28.5,-19.938
8912.72193,3,-0.038,0.192,9.27,5,2.312,-28.062,-19.625
8912.74191,3,0.0,0.077,9.155,5,2.375,-27.938,-19.875
8912.76194,3,0.038,0.153,9.27,5,2.438,-27.875,-19.938
8912.78193,3,0.077,0.115,9.347,5,2.688,-27.938,-20.0
8912.80192,3,0.077,0.038,9.27,5,3.188,-27.812,-20.0
8912.82193,3,0.038,-0.038,9.27,5,3.25,-27.875,-19.938
8912.8419,3,0.0,0.077,9.27,5,3.375,-28.0,-19.75
8912.86189,3,-0.077,0.077,9.194,5,3.25,-28.125,-19.688
8912.88189,3,0.038,-0.038,9.27,5,3.625,-28.5,-19.938
8912.9019,3,0.077,-0.038,9.232,5,3.688,-28.312,-19.938
8912.9219,3,0.0,-0.038,9.232,5,3.562,-28.125,-20.0
8912.94189,3,0.038,0.115,9.27,5,3.5,-28.0,-20.062
8912.96195,3,0.077,0.077,9.27,5,3.375,-28.0,-20.312
8912.98194,3,0.153,-0.038,9.27,5,3.375,-27.875,-20.375
8913.00193,3,0.077,0.038,9.27,5,3.375,-27.75,-20.438
8913.02192,3,0.077,0.038,9.27,5,3.188,-27.562,-20.562
8913.04194,3,0.0,0.115,9.27,5,2.875,-27.5,-20.562
8913.06191,3,-0.038,0.115,9.347,5,2.875,-27.562,-20.5
8913.08193,3,0.077,0.077,9.309,5,2.688,-27.688,-20.438
8913.10194,3,0.038,0.153,9.194,5,2.25,-27.625,-20.5
8913.12175,3,0.0,0.077,9.27,5,2.062,-27.875,-20.375
8913.14173,3,-0.038,0.077,9.232,5,1.938,-28.062,-20.312
8913.16191,3,-0.077,0.115,9.232,5,1.625,-28.438,-20.125
8913.18192,3,0.0,0.077,9.194,5,1.625,-28.438,-20.125
8913.20191,3,0.115,0.077,9.309,5,1.688,-28.438,-19.938
8913.22191,3,0.153,0.077,9.27,5,1.688,-28.438,-19.812
8913.24193,3,0.038,-0.038,9.309,5,1.938,-28.312,-19.75
8913.2619,3,0.0,0.077,9.27,5,2.25,-28.188,-19.562
8913.2819,3,0.153,0.115,9.27,5,2.312,-28.188,-19.438
8913.30192,3,0.077,0.077,9.309,5,2.438,-28.375,-19.375
8913.3219,3,0.115,0.077,9.27,5,2.5,-28.688,-18.5
8913.34191,3,-0.038,0.077,9.117,5,2.375,-28.75,-18.75
8913.36171,3,0.153,0.0,9.194,5,2.375,-28.75,-18.875
8913.38192,3,0.038,0.038,9.309,5,2.375,-28.875,-18.688
8913.40173,3,-0.153,0.0,9.232,5,2.5,-28.938,-18.688
8913.42191,3,-0.038,0.115,9.232,5,2.375,-29.25,-18.812
8913.44175,3,0.0,0.115,9.27,5,2.375,-29.062,-18.812
8913.46192,3,0.038,0.038,9.309,5,2.312,-28.75,-18.688
8913.48173,3,-0.038,0.077,9.347,5,2.312,-28.188,-19.875
8913.50192,3,0.038,0.077,9.194,5,2.625,-28.188,-19.75
8913.52174,3,-0.038,0.077,9.27,5,2.562,-28.062,-19.75
8913.54186,3,0.077,0.077,9.27,5,2.5,-28.25,-19.938
8913.56171,3,0.038,0.077,9.194,5,2.438,-28.25,-19.812
8913.58185,3,-0.038,0.153,9.117,5,2.562,-28.0,-19.562
8913.60172,3,0.077,0.115,9.309,5,2.312,-28.188,-19.625
8913.62183,3,0.153,0.077,9.232,5,2.562,-28.062,-19.688
8913.64182,3,0.077,0.077,9.232,5,2.438,-28.5,-19.75
8913.66184,3,0.0,0.038,9.232,5,2.438,-28.375,-19.625
8913.68184,3,0.038,0.153,9.194,5,2.312,-28.625,-19.75
8913.70182,3,0.077,0.115,9.27,5,2.312,-28.188,-19.812
8913.72186,3,0.0,0.192,9.385,5,2.188,-28.375,-19.938
8913.74184,3,-0.038,-0.038,9.27,5,2.062,-28.688,-20.062
8913.76184,3,0.038,0.153,9.309,5,2.312,-28.25,-20.188
8913.78182,3,0.153,0.038,9.194,5,2.188,-28.562,-20.25
8913.80189,3,0.077,0.077,9.232,5,2.438,-28.25,-20.0
8913.82193,3,0.077,0.038,9.194,5,2.312,-28.375,-20.0
8913.84191,3,0.077,-0.038,9.194,5,2.438,-28.438,-20.0
8913.86193,3,0.077,0.038,9.232,5,2.438,-28.438,-19.812
8913.88193,3,0.038,0.077,9.194,5,2.625,-28.125,-19.688
8913.90192,3,0.038,0.077,9.194,5,2.938,-27.812,-19.812
8913.92192,3,0.0,0.0,9.27,5,2.938,-28.25,-19.75
8913.94174,3,0.038,0.038,9.232,5,2.938,-27.688,-19.75
8913.96194,3,0.077,0.0,9.27,5,2.938,-27.688,-19.75
8913.98192,3,0.038,0.153,9.309,5,2.875,-27.375,-19.75
8914.00174,3,-0.038,0.153,9.232,5,3.0,-27.188,-19.5
8914.02194,3,0.038,0.077,9.194,5,3.062,-27.312,-19.625
8914.04173,3,0.0,0.077,9.232,5,3.062,-27.438,-19.625
8914.06175,3,0.038,0.0,9.27,5,2.938,-27.75,-19.562
8914.08186,3,0.077,-0.038,9.27,5,2.625,-27.875,-19.562
8914.10184,3,-0.077,0.038,9.232,5,2.625,-28.312,-19.5
8914.12181,3,0.038,0.077,9.27,5,2.5,-28.5,-19.438
8914.14173,3,-0.077,0.038,9.27,5,2.688,-29.0,-19.625
8914.16171,3,0.077,0.0,9.27,5,2.562,-29.312,-19.438
8914.1817,3,0.077,0.115,9.27,5,2.5,-30.188,-19.562
8914.20172,3,0.038,0.153,9.309,5,2.5,-30.188,-19.562
8914.22184,3,0.038,0.115,9.232,5,2.5,-30.375,-19.688
8914.24183,3,0.115,0.115,9.232,5,2.688,-30.25,-19.562
8914.26181,3,0.077,0.153,9.232,5,3.125,-30.375,-18.562
8914.28186,3,-0.038,0.077,9.194,5,3.188,-30.375,-18.688
8914.30186,3,-0.038,0.077,9.232,5,3.125,-30.188,-18.438
8914.32185,3,0.077,0.038,9.194,5,3.125,-30.188,-18.75
8914.34187,3,-0.077,0.077,9.194,5,3.062,-29.625,-18.688
8914.36186,3,-0.077,0.038,9.155,5,3.312,-30.062,-18.875
8914.38185,3,0.0,0.077,9.155,5,3.312,-30.062,-18.688
8914.40185,3,-0.077,0.115,9.27,5,3.438,-30.125,-18.688
8914.42187,3,0.077,0.115,9.079,5,3.125,-30.312,-19.562
8914.44186,3,0.077,0.038,9.117,5,3.0,-30.5,-19.812
8914.46184,3,0.077,0.077,9.309,5,2.875,-30.875,-19.938
8914.48185,3,-0.038,0.038,9.232,5,3.0,-30.75,-19.938
8914.50184,3,-0.077,0.077,9.232,5,3.125,-30.812,-20.0
8914.52184,3,-0.038,0.115,9.194,5,2.688,-30.562,-19.75
8914.5417,3,-0.077,0.115,9.232,5,2.875,-30.625,-19.75
8914.56184,3,0.0,0.153,9.232,5,3.125,-30.5,-19.812
8914.58183,3,0.077,0.115,9.27,5,3.188,-30.625,-19.688
8914.6017,3,0.0,0.115,9.27,5,3.188,-30.562,-19.438
8914.62172,3,0.038,0.077,9.117,5,3.438,-30.438,-19.375
8914.64183,3,-0.038,0.153,9.155,5,3.375,-31.0,-19.062
8914.66169,3,0.077,0.115,9.194,5,3.25,-31.0,-18.625
8914.68172,3,-0.077,0.077,9.155,5,3.25,-31.312,-18.875
8914.70184,3,-0.038,0.115,9.232,5,2.938,-31.312,-18.625
8914.72171,3,0.0,0.077,9.194,5,3.062,-31.688,-18.25
8914.74182,3,0.115,0.038,9.194,5,2.812,-31.875,-18.625
8914.76173,3,0.077,0.192,9.232,5,2.875,-32.5,-18.375
8914.78171,3,0.0,0.192,9.232,5,2.938,-33.188,-18.188
8914.8017,3,0.115,0.153,9.194,5,2.812,-33.375,-18.25
8914.82184,3,0.077,0.153,9.27,5,3.125,-33.688,-18.312
8914.84183,3,-0.038,0.115,9.232,5,3.0,-33.938,-18.125
8914.8617,3,0.038,0.077,9.194,5,3.312,-34.188,-18.5
8914.88183,3,0.038,0.0,9.232,5,3.125,-34.062,-18.75
8914.90172,3,0.038,0.038,9.27,5,3.188,-34.0,-18.562
8914.92171,3,0.038,0.153,9.347,5,3.438,-34.0,-18.562
8914.94171,3,0.038,0.153,9.27,5,3.438,-33.938,-18.688
8914.96172,3,-0.038,0.038,9.309,5,3.438,-34.062,-18.75
8914.98179,3,-0.038,0.077,9.27,5,3.188,-34.5,-18.875
8915.0017,3,-0.077,0.153,9.232,5,3.25,-34.812,-19.0
8915.02181,3,0.038,0.192,9.232,5,2.875,-34.625,-18.812
8915.04171,3,-0.077,0.077,9.309,5,2.688,-34.562,-18.938
8915.0617,3,0.077,0.038,9.309,5,2.375,-34.375,-18.875
8915.08181,3,-0.077,0.115,9.309,5,2.125,-33.5,-19.25
8915.10184,3,0.038,0.115,9.232,5,2.125,-32.75,-19.25
8915.12172,3,0.038,0.115,9.232,5,2.188,-32.438,-19.5
8915.14183,3,0.038,0.077,9.232,5,2.125,-31.75,-19.5
8915.1617,3,0.038,0.077,9.27,5,2.125,-31.062,-19.438
8915.18172,3,0.115,0.23,9.309,5,2.562,-30.688,-19.438
8915.20171,3,0.077,0.038,9.347,5,3.25,-31.0,-18.75
8915.22171,3,0.115,0.192,9.27,5,3.5,-31.125,-18.812
8915.24172,3,0.153,0.038,9.194,5,3.562,-31.875,-18.5
8915.26179,3,-0.038,0.077,9.194,5,3.312,-31.875,-18.375
8915.28171,3,-0.038,0.0,9.232,5,3.375,-31.438,-18.188
8915.30184,3,-0.077,-0.077,9.27,5,3.25,-31.125,-18.375
8915.32183,3,-0.038,-0.038,9.309,5,3.5,-30.812,-18.5
8915.34182,3,0.038,-0.038,9.27,5,3.062,-30.625,-18.625
8915.36181,3,0.038,0.077,9.194,5,2.312,-30.188,-19.312
8915.38184,3,0.0,0.077,9.309,5,2.5,-30.0,-19.062
8915.40171,3,0.038,0.115,9.27,5,2.438,-29.312,-19.375
8915.42183,3,0.077,0.077,9.27,5,2.562,-29.125,-19.688
8915.44185,3,-0.077,0.115,9.232,5,2.438,-29.188,-20.0
8915.46171,3,0.077,0.115,9.232,5,2.5,-29.125,-20.0
8915.4817,3,0.038,0.0,9.232,5,2.25,-29.125,-20.188
8915.50183,3,0.077,0.038,9.194,5,2.5,-29.0,-20.188
8915.52185,3,-0.077,0.038,9.155,5,2.562,-28.875,-20.062
8915.54184,3,-0.038,0.0,9.27,5,2.312,-28.688,-20.312
8915.56183,3,-0.077,0.038,9.194,5,2.312,-28.625,-20.062
8915.58185,3,0.077,0.0,9.309,5,2.0,-28.625,-20.062
8915.60185,3,0.0,0.077,9.155,5,2.125,-28.438,-19.75
8915.62184,3,0.038,-0.038,9.27,5,2.438,-28.438,-19.562
8915.6417,3,0.077,0.115,9.27,5,2.188,-28.75,-19.438
8915.66172,3,0.077,0.0,9.347,5,2.25,-29.062,-19.438
8915.68183,3,0.077,0.153,9.232,5,2.062,-29.25,-19.5
8915.70171,3,0.077,0.115,9.347,5,2.5,-29.125,-19.438
8915.72173,3,0.038,0.038,9.232,5,2.688,-29.312,-19.438
8915.74172,3,0.038,0.077,9.194,5,2.75,-29.75,-19.375
8915.76171,3,0.192,0.038,9.309,5,2.75,-29.688,-19.688
8915.78182,3,0.077,-0.038,9.385,5,2.625,-29.625,-19.75
8915.80173,3,-0.038,0.038,9.347,5,3.062,-29.5,-19.625
8915.82171,3,0.115,0.153,9.155,5,3.0,-29.375,-19.625
8915.84184,3,0.0,0.115,9.194,5,3.312,-29.375,-19.625
8915.86172,3,0.0,0.115,9.232,5,2.938,-29.688,-20.0
8915.88184,3,-0.038,0.153,9.27,5,2.688,-29.375,-20.125
8915.90171,3,-0.038,0.23,9.155,5,2.812,-28.938,-20.125
8915.92185,3,0.038,0.115,9.194,5,2.688,-29.0,-19.938
8915.94185,3,0.115,0.0,9.309,5,2.375,-29.125,-20.0
8915.96183,3,-0.038,0.153,9.232,5,2.062,-29.125,-20.25
8915.98183,3,-0.077,0.115,9.232,5,2.062,-29.125,-20.25
8916.00185,3,0.038,0.153,9.309,5,2.062,-29.062,-20.438
8916.02185,3,0.0,0.115,9.194,5,2.125,-28.688,-20.062
8916.04183,3,-0.077,0.077,9.309,5,2.375,-29.0,-20.188
8916.06173,3,0.077,0.077,9.27,5,2.5,-28.75,-20.062
8916.08184,3,0.115,0.0,9.194,5,2.812,-28.625,-20.188
8916.10184,3,0.115,0.115,9.155,5,3.25,-28.625,-20.188
8916.12183,3,0.077,0.192,9.155,5,3.438,-28.5,-20.25
8916.14185,3,0.077,0.192,9.155,5,3.938,-28.75,-19.688
8916.16173,3,-0.115,0.115,9.194,5,3.938,-28.5,-19.562
8916.18171,3,-0.077,0.115,9.232,5,3.938,-28.75,-19.562
8916.20175,3,-0.077,0.0,9.232,5,3.812,-28.875,-19.5
8916.22185,3,0.077,0.115,9.27,5,3.875,-29.188,-19.438
8916.24171,3,0.038,0.077,9.232,5,3.375,-29.062,-19.312
8916.2617,3,0.077,0.077,9.232,5,3.312,-29.0,-19.25
8916.28173,3,0.115,0.038,9.309,5,3.312,-29.125,-18.938
8916.30172,3,0.038,0.077,9.27,5,2.688,-28.812,-19.312
8916.32183,3,-0.038,0.038,9.27,5,2.5,-28.938,-19.438
8916.34185,3,-0.077,0.192,9.385,5,2.5,-28.812,-19.438
8916.36185,3,0.0,0.153,9.27,5,2.438,-28.5,-19.375
8916.38183,3,0.038,0.115,9.232,5,2.312,-28.188,-19.25
8916.4019,3,0.0,0.077,9.309,5,2.5,-28.312,-19.312
8916.4219,3,0.0,0.038,9.309,5,2.438,-28.438,-19.438
8916.44193,3,-0.038,-0.038,9.27,5,2.312,-28.125,-19.625
8916.46171,3,0.0,0.0,9.27,5,2.438,-27.875,-19.812
8916.48194,3,0.0,0.115,9.27,5,2.688,-27.688,-19.5
8916.50192,3,0.0,0.115,9.232,5,2.562,-27.75,-19.812
8916.52193,3,0.077,0.115,9.309,5,2.562,-27.75,-20.062
8916.54192,3,-0.077,0.115,9.117,5,2.562,-27.625,-20.25
8916.56194,3,0.0,0.115,9.27,5,2.562,-27.812,-20.25
8916.58193,3,-0.115,0.077,9.347,5,2.562,-27.688,-20.188
8916.60192,3,-0.038,0.038,9.194,5,2.438,-28.125,-20.5
8916.62185,3,-0.077,0.115,9.117,5,1.625,-28.5,-20.375
8916.64184,3,-0.038,0.115,9.27,5,1.312,-28.5,-20.625
8916.6617,3,0.0,0.038,9.27,5,1.312,-28.5,-20.438
8916.68185,3,-0.077,0.115,9.27,5,1.5,-28.375,-20.312
8916.70184,3,0.115,0.077,9.309,5,1.562,-28.688,-20.438
8916.72183,3,-0.038,0.077,9.309,5,1.875,-28.5,-20.375
8916.74182,3,0.0,0.115,9.385,5,2.062,-28.562,-20.438
8916.76191,3,-0.038,0.038,9.309,5,2.438,-28.188,-19.875
8916.78173,3,-0.038,0.077,9.232,5,3.25,-28.0,-19.938
8916.80172,3,-0.115,0.153,9.232,5,3.625,-28.438,-19.938
8916.82172,3,0.038,0.153,9.194,5,3.812,-28.688,-19.938
8916.84172,3,0.077,0.115,9.27,5,3.438,-28.875,-19.938
8916.86171,3,0.038,0.038,9.232,5,3.312,-28.938,-19.875
8916.88182,3,0.115,0.0,9.194,5,3.188,-29.062,-19.438
8916.90185,3,0.077,0.192,9.232,5,3.0,-29.125,-19.375
8916.92184,3,0.115,0.153,9.27,5,2.875,-29.188,-19.375
8916.94183,3,0.038,0.192,9.27,5,2.688,-29.312,-19.5
8916.96173,3,0.0,0.038,9.194,5,2.375,-29.125,-19.562
8916.98185,3,-0.038,0.077,9.232,5,2.25,-28.938,-19.375
8917.00178,3,0.0,0.077,9.27,5,2.5,-28.688,-19.312
8917.02183,3,-0.038,0.077,9.309,5,2.5,-28.5,-19.062
8917.04185,3,0.038,0.077,9.232,5,2.438,-28.375,-19.438
8917.0617,3,0.077,0.23,9.27,5,2.5,-28.25,-19.5
8917.08183,3,-0.077,0.115,9.232,5,2.812,-28.688,-19.625
8917.10185,3,0.0,-0.038,9.194,5,3.0,-28.562,-19.688
8917.12184,3,0.0,0.038,9.27,5,3.125,-28.562,-19.5
8917.14183,3,-0.115,0.077,9.27,5,3.0,-28.75,-19.625
8917.16182,3,0.038,0.192,9.27,5,3.0,-29.062,-19.75
8917.18172,3,0.0,0.153,9.194,5,3.0,-29.062,-19.812
8917.20186,3,-0.115,0.115,9.309,5,3.062,-29.062,-19.875
8917.22185,3,-0.077,0.0,9.309,5,2.75,-29.5,-19.938
8917.24173,3,-0.038,0.115,9.232,5,2.438,-29.188,-20.0
8917.26172,3,-0.115,0.115,9.194,5,2.5,-29.0,-19.875
8917.28192,3,-0.077,0.077,9.232,5,2.5,-28.812,-20.062
8917.30191,3,0.153,-0.038,9.27,5,2.5,-28.688,-19.75
8917.3219,3,0.038,0.077,9.232,5,2.5,-28.5,-19.625
8917.34189,3,0.0,0.077,9.194,5,2.312,-28.625,-19.875
8917.36172,3,0.038,0.115,9.194,5,2.188,-28.625,-19.812
8917.38173,3,0.0,0.077,9.347,5,2.188,-28.375,-19.75
8917.40185,3,-0.038,0.038,9.27,5,2.188,-29.312,-18.25
8917.42184,3,0.0,0.077,9.347,5,2.0,-30.062,-17.125
8917.44185,3,-0.077,0.038,9.27,5,1.938,-30.75,-16.0
8917.46171,3,-0.077,0.0,9.27,5,1.438,-30.688,-15.625
8917.48183,3,-0.077,0.0,9.27,5,1.438,-31.188,-14.375
8917.50183,3,0.0,0.153,9.27,5,1.812,-31.688,-12.75
8917.52185,3,0.077,0.153,9.27,5,1.875,-32.125,-11.562
8917.54186,3,0.038,0.115,9.194,5,2.0,-32.438,-10.312
8917.56171,3,0.038,-0.038,9.194,5,1.875,-32.0,-10.438
8917.58185,3,0.038,-0.115,9.232,5,2.0,-31.875,-10.562
8917.60185,3,0.038,0.077,9.232,5,2.25,-31.562,-10.188
8917.62184,3,-0.038,0.115,9.194,5,2.938,-31.75,-9.688
8917.64172,3,0.038,0.153,9.155,5,3.0,-32.062,-9.688
8917.66174,3,0.115,0.077,9.232,5,2.938,-31.688,-9.938
8917.68172,3,0.038,0.077,9.309,5,2.812,-32.125,-9.875
8917.70184,3,0.038,0.077,9.27,5,2.875,-32.5,-10.062
8917.72173,3,0.0,0.077,9.309,5,3.0,-32.375,-10.125
8917.74172,3,0.077,-0.153,9.27,5,3.0,-32.375,-9.938
8917.7617,3,0.038,0.038,9.27,5,2.75,-32.688,-10.25
8917.78184,3,0.077,0.115,9.309,5,2.75,-33.062,-10.125
8917.80185,3,0.115,0.192,9.232,5,2.875,-32.938,-10.125
8917.82176,3,0.0,0.0,9.309,5,2.625,-33.25,-10.062
8917.84183,3,-0.038,0.192,9.232,5,2.75,-32.812,-9.812
8917.86172,3,0.038,0.115,9.232,5,2.875,-32.5,-9.562
8917.88184,3,-0.038,0.038,9.155,5,2.875,-32.5,-9.562
8917.90183,3,0.115,0.077,9.194,5,2.875,-32.625,-9.438
8917.92186,3,0.0,0.038,9.194,5,3.062,-32.75,-9.188
8917.94233,3,0.038,0.0,9.194,5,3.188,-32.188,-9.25
8917.96171,3,0.0,0.153,9.232,5,3.0,-32.125,-8.938
8917.98183,3,0.077,0.115,9.232,5,3.188,-32.562,-8.812
8918.00184,3,-0.077,0.153,9.232,5,3.062,-32.562,-8.812
8918.02184,3,-0.115,0.153,9.232,5,2.875,-32.438,-8.75
8918.04182,3,-0.038,0.153,9.309,5,2.875,-32.562,-8.688
8918.06172,3,-0.077,0.115,9.232,5,2.75,-32.688,-8.875
8918.08184,3,-0.077,0.115,9.232,5,2.812,-32.125,-8.812
8918.10188,3,-0.038,0.153,9.232,5,2.688,-32.562,-8.688
8918.12192,3,0.0,0.115,9.194,5,2.438,-32.688,-9.0
8918.14194,3,0.0,0.153,9.232,5,2.312,-32.062,-9.125
8918.16193,3,0.153,0.038,9.309,5,2.312,-31.938,-9.375
8918.18192,3,0.0,0.038,9.27,5,2.375,-32.0,-9.5
8918.20193,3,0.0,0.038,9.27,5,2.688,-32.0,-9.438
8918.22194,3,0.038,0.038,9.232,5,2.938,-31.75,-9.688
8918.24192,3,0.038,0.077,9.232,5,2.625,-31.875,-9.812
8918.26191,3,0.0,0.153,9.232,5,2.562,-31.562,-9.875
8918.28195,3,0.038,0.038,9.232,5,2.75,-31.625,-9.938
8918.30173,3,0.0,0.077,9.27,5,2.75,-31.75,-9.938
8918.32189,3,0.115,0.038,9.232,5,2.938,-31.875,-9.75
8918.34191,3,-0.038,0.038,9.27,5,2.812,-31.875,-9.938
8918.3619,3,0.038,0.153,9.232,5,2.438,-31.875,-10.0
8918.38188,3,0.115,0.192,9.27,5,2.188,-31.938,-9.625
8918.40188,3,0.115,0.038,9.232,5,2.312,-31.938,-9.562
8918.4219,3,0.153,0.115,9.232,5,2.188,-32.125,-9.562
8918.44193,3,0.077,0.192,9.155,5,2.312,-31.938,-9.5
8918.46191,3,-0.038,0.115,9.27,5,2.312,-32.0,-9.625
8918.48194,3,0.038,-0.038,9.309,5,2.062,-32.125,-9.75
8918.50193,3,0.153,-0.038,9.309,5,2.312,-32.125,-9.5
8918.52193,3,0.115,0.115,9.232,5,2.188,-32.125,-9.438
8918.54194,3,0.077,0.115,9.27,5,3.0,-31.938,-10.125
8918.56194,3,-0.077,0.115,9.309,5,3.125,-32.062,-9.812
8918.58192,3,0.077,0.038,9.232,5,3.188,-31.938,-10.125
8918.6019,3,0.038,0.115,9.194,5,3.0,-32.25,-10.125
8918.62195,3,0.038,0.115,9.232,5,2.875,-32.375,-9.875
8918.64173,3,0.0,0.0,9.347,5,2.688,-32.0,-9.75
8918.66172,3,0.038,0.115,9.385,5,2.688,-31.875,-9.812
8918.68196,3,0.038,0.038,9.27,5,2.688,-32.062,-9.812
8918.70192,3,-0.115,0.192,9.27,5,1.875,-32.5,-9.375
8918.72193,3,-0.038,0.077,9.232,5,1.75,-32.375,-9.625
8918.7419,3,-0.038,0.0,9.232,5,1.875,-32.062,-9.5
8918.76197,3,-0.077,0.115,9.347,5,2.125,-31.75,-9.438
8918.78173,3,0.0,0.077,9.309,5,2.188,-31.688,-9.562
8918.80171,3,0.0,0.153,9.194,5,2.375,-32.25,-9.625
8918.82174,3,-0.038,0.077,9.27,5,2.062,-32.375,-9.688
8918.84185,3,0.153,0.038,9.232,5,2.375,-32.125,-9.688
8918.8617,3,0.077,0.077,9.232,5,2.188,-32.062,-9.5
8918.88183,3,0.0,0.115,9.194,5,2.5,-32.375,-9.438
8918.90184,3,0.0,0.153,9.155,5,2.375,-32.875,-9.312
8918.92184,3,0.115,0.23,9.27,5,2.25,-32.75,-9.5
8918.94171,3,-0.077,0.038,9.27,5,2.188,-32.688,-9.125
8918.96185,3,-0.038,0.038,9.232,5,2.188,-32.375,-8.938
8918.98172,3,0.153,0.038,9.232,5,2.438,-32.0,-8.688
8919.00183,3,0.115,0.115,9.194,5,2.375,-32.125,-8.5
8919.0217,3,-0.038,0.077,9.194,5,2.5,-32.188,-8.562
8919.04184,3,0.077,0.038,9.27,5,2.312,-32.0,-8.562
8919.06171,3,0.115,-0.038,9.232,5,2.625,-31.625,-8.5
8919.08191,3,0.077,0.038,9.232,5,2.625,-31.875,-8.25
8919.10175,3,0.0,0.038,9.27,5,2.125,-31.875,-9.125
8919.12193,3,0.038,0.077,9.347,5,2.438,-31.75,-9.188
8919.14173,3,0.038,0.115,9.232,5,2.375,-32.25,-9.0
8919.16195,3,0.077,0.038,9.27,5,2.0,-32.188,-8.812
8919.18175,3,-0.115,-0.038,9.347,5,2.188,-32.188,-8.625
8919.20173,3,0.038,0.0,9.194,5,2.062,-32.438,-8.375
8919.22172,3,-0.077,0.077,9.155,5,1.75,-32.75,-8.188
8919.24194,3,0.0,0.077,9.232,5,1.75,-32.562,-7.875
8919.26174,3,0.077,0.115,9.194,5,2.25,-32.938,-7.125
8919.28172,3,0.0,0.038,9.194,5,1.938,-33.25,-7.188
8919.30174,3,-0.038,0.115,9.194,5,2.125,-33.312,-7.188
8919.32189,3,-0.038,0.038,9.232,5,2.5,-33.75,-7.188
8919.34172,3,0.0,0.115,9.155,5,2.625,-33.812,-7.188
8919.36188,3,-0.115,0.115,9.232,5,2.812,-33.75,-7.062
8919.38174,3,-0.077,0.0,9.309,5,2.812,-33.625,-7.062
8919.4019,3,0.0,0.038,9.309,5,2.812,-33.938,-6.938
8919.42172,3,-0.077,0.153,9.232,5,3.125,-33.812,-6.875
8919.44194,3,0.077,0.115,9.232,5,3.25,-33.625,-6.75
8919.46173,3,-0.077,0.038,9.155,5,2.812,-33.625,-6.75
8919.48173,3,0.0,0.077,9.347,5,2.625,-33.312,-6.75
8919.50172,3,0.115,0.077,9.27,5,2.438,-32.812,-8.188
8919.52174,3,0.038,0.038,9.309,5,2.312,-32.188,-9.875
8919.54171,3,0.077,0.038,9.27,5,2.312,-31.562,-11.625
8919.56177,3,0.0,0.115,9.232,5,2.75,-31.062,-13.0
8919.58173,3,0.038,0.153,9.194,5,2.625,-30.25,-14.312
8919.60173,3,0.038,0.077,9.194,5,2.5,-30.25,-15.875
8919.62172,3,0.038,0.115,9.232,5,2.688,-29.562,-17.5
8919.64182,3,0.038,0.115,9.155,5,2.688,-28.938,-19.312
8919.66172,3,0.038,0.115,9.27,5,2.75,-28.625,-19.312
8919.68184,3,-0.038,0.115,9.232,5,2.812,-28.688,-19.438
8919.7017,3,0.0,0.0,9.27,5,2.812,-28.812,-19.312
8919.72172,3,0.077,0.038,9.347,5,2.5,-28.5,-19.625
8919.74184,3,0.0,0.115,9.232,5,2.5,-28.688,-19.812
8919.76171,3,0.115,0.115,9.194,5,2.625,-28.375,-19.812
8919.7817,3,0.0,0.077,9.194,5,2.812,-28.375,-19.75
8919.8019,3,0.077,0.038,9.27,5,3.0,-28.438,-19.625
8919.82171,3,0.0,0.115,9.309,5,3.0,-28.688,-19.688
8919.84182,3,0.0,0.115,9.27,5,2.938,-28.688,-19.5
8919.86174,3,-0.038,0.23,9.309,5,2.938,-28.688,-19.5
8919.88185,3,-0.038,0.077,9.27,5,2.625,-28.688,-19.812
8919.90171,3,0.0,0.115,9.232,5,2.562,-28.812,-19.75
8919.92173,3,-0.038,0.077,9.232,5,2.625,-28.375,-19.688
8919.94172,3,-0.038,0.077,9.27,5,2.625,-28.125,-19.938
8919.96171,3,0.0,0.115,9.27,5,2.625,-28.125,-19.875
8919.9817,3,0.0,0.077,9.27,5,2.625,-28.125,-20.0
8920.0019,3,0.038,0.153,9.27,5,2.438,-28.25,-20.25
8920.02173,3,0.077,0.077,9.232,5,2.5,-28.25,-19.938
8920.04192,3,0.077,0.153,9.194,5,2.75,-28.25,-19.812
8920.06173,3,0.038,0.038,9.232,5,3.062,-28.25,-19.875
8920.08192,3,0.0,0.038,9.194,5,3.125,-28.438,-20.062
8920.10187,3,0.038,0.038,9.155,5,3.25,-28.625,-19.938
8920.12182,3,0.115,0.077,9.194,5,3.0,-28.438,-20.0
8920.14185,3,0.0,0.153,9.194,5,3.125,-28.438,-19.812
8920.16184,3,0.0,0.115,9.194,5,3.25,-28.375,-19.688
8920.18183,3,0.0,0.0,9.27,5,3.125,-28.25,-19.625
8920.20185,3,0.077,0.077,9.309,5,3.25,-28.438,-19.625
8920.22172,3,0.038,0.115,9.232,5,2.938,-28.125,-19.625
8920.24184,3,0.0,0.038,9.27,5,2.812,-28.25,-19.5
8920.26171,3,-0.077,0.115,9.194,5,2.75,-28.375,-19.312
8920.28183,3,-0.038,0.115,9.232,5,2.938,-28.5,-19.375
8920.30171,3,-0.038,0.038,9.117,5,2.812,-29.0,-19.375
8920.32182,3,0.038,0.077,9.385,5,2.938,-29.5,-19.312
8920.34184,3,0.038,0.077,9.27,5,2.812,-29.938,-19.5
8920.36183,3,0.077,0.192,9.232,5,3.0,-30.125,-19.688
8920.38182,3,-0.038,0.077,9.27,5,3.5,-30.812,-18.688
8920.40181,3,0.038,0.038,9.27,5,3.375,-30.875,-18.688
8920.42184,3,0.077,0.038,9.27,5,3.438,-31.188,-18.812
8920.44182,3,-0.038,0.115,9.27,5,2.938,-31.562,-18.75
8920.46169,3,-0.153,0.115,9.232,5,2.875,-31.25,-18.812
8920.48183,3,-0.077,0.038,9.309,5,2.875,-31.125,-18.812
8920.50171,3,0.0,0.077,9.232,5,3.188,-30.875,-19.0
8920.52182,3,-0.038,0.077,9.232,5,3.062,-30.875,-18.75
8920.54185,3,0.0,0.077,9.232,5,2.688,-30.75,-19.812
8920.56186,3,0.038,0.038,9.194,5,2.562,-31.0,-19.812
8920.58185,3,-0.038,0.077,9.194,5,2.5,-30.875,-19.75
8920.60184,3,-0.038,0.0,9.155,5,2.875,-30.938,-20.0
8920.62187,3,-0.038,0.038,9.194,5,3.188,-30.688,-20.0
8920.64183,3,0.038,0.077,9.232,5,3.0,-30.625,-20.0
8920.6617,3,0.077,0.192,9.232,5,2.875,-30.938,-20.062
8920.68184,3,0.153,0.192,9.194,5,2.562,-30.938,-20.125
8920.70184,3,0.038,0.115,9.27,5,2.438,-30.938,-20.188
8920.72183,3,0.0,0.192,9.27,5,2.812,-30.75,-20.062
8920.7417,3,0.038,0.192,9.347,5,2.688,-30.438,-20.125
8920.76173,3,0.0,0.153,9.309,5,2.5,-30.438,-20.125
8920.78172,3,-0.038,0.153,9.27,5,2.375,-30.875,-19.938
8920.8017,3,0.0,0.077,9.155,5,2.688,-31.188,-19.562
8920.82172,3,0.115,-0.038,9.309,5,2.75,-31.312,-19.5
8920.84186,3,0.153,-0.038,9.232,5,3.188,-31.312,-19.25
8920.86171,3,0.0,-0.115,9.194,5,3.375,-31.75,-19.188
8920.88169,3,0.038,0.077,9.117,5,3.312,-32.375,-19.188
8920.90171,3,0.038,0.077,9.27,5,3.375,-33.188,-19.25
8920.92183,3,-0.038,-0.038,9.194,5,3.25,-33.562,-18.875
8920.94181,3,-0.038,0.0,9.309,5,2.938,-33.438,-19.0
8920.96184,3,0.0,0.115,9.232,5,2.75,-33.0,-19.375
8920.98182,3,-0.077,0.038,9.232,5,2.688,-32.938,-19.375
8921.00181,3,0.038,0.077,9.232,5,2.562,-33.0,-19.688
8921.02181,3,-0.038,0.038,9.232,5,2.562,-32.25,-19.688
8921.04183,3,0.038,0.153,9.194,5,2.5,-31.75,-19.625
8921.0617,3,0.153,0.115,9.309,5,2.688,-31.0,-19.562
8921.08181,3,0.077,0.192,9.309,5,2.812,-30.688,-19.75
8921.10183,3,-0.038,0.115,9.27,5,3.0,-30.375,-19.625
8921.12182,3,0.038,0.613,9.232,5,3.125,-30.25,-19.562
8921.14181,3,0.077,0.038,9.232,5,3.125,-30.062,-19.438
8921.16184,3,-0.038,0.077,9.27,5,3.062,-30.062,-19.375
8921.18183,3,0.0,0.192,9.27,5,2.812,-30.5,-19.375
8921.2017,3,-0.077,0.153,9.232,5,2.812,-30.562,-19.5
8921.22182,3,0.038,0.153,9.232,5,2.562,-30.688,-19.25
8921.24183,3,-0.038,0.077,9.155,5,3.0,-30.5,-19.062
8921.2617,3,0.0,0.0,9.309,5,3.25,-30.438,-19.438
8921.28181,3,0.0,0.153,9.155,5,3.125,-30.75,-19.562
8921.30173,3,-0.077,0.115,9.27,5,3.0,-30.75,-19.625
8921.32172,3,-0.038,0.115,9.347,5,3.688,-30.75,-18.75
8921.34171,3,0.0,0.077,9.385,5,4.688,-31.0,-17.438
8921.36183,3,0.0,0.153,9.232,5,4.562,-31.5,-15.875
8921.38184,3,-0.038,0.153,9.194,5,4.562,-32.062,-14.375
8921.40171,3,-0.038,0.115,9.194,5,4.312,-32.688,-12.812
8921.4217,3,0.192,0.153,9.194,5,4.062,-33.312,-11.25
8921.44184,3,0.077,0.077,9.194,5,4.312,-33.812,-9.438
8921.46183,3,-0.077,0.077,9.27,5,4.625,-33.938,-9.438
8921.48182,3,0.038,0.0,9.27,5,3.812,-33.688,-10.125
8921.50181,3,0.0,0.077,9.309,5,2.75,-33.25,-11.438
8921.52184,3,0.038,0.115,9.194,5,2.812,-32.312,-13.125
8921.54189,3,-0.077,0.115,9.27,5,2.812,-31.75,-15.125
8921.56181,3,0.0,0.192,9.27,5,2.875,-31.125,-16.812
8921.58185,3,0.115,0.192,9.27,5,2.875,-30.438,-18.188
8921.60184,3,0.077,0.115,9.27,5,2.875,-29.5,-19.875
8921.62183,3,0.0,0.038,9.27,5,2.438,-29.188,-20.0
8921.6417,3,0.0,0.115,9.194,5,2.5,-28.75,-20.062
8921.66184,3,0.077,0.077,9.232,5,2.5,-28.562,-20.125
8921.68184,3,0.115,0.0,9.347,5,2.5,-28.375,-19.562
8921.70182,3,0.0,0.153,9.232,5,2.5,-28.812,-17.812
8921.72185,3,0.115,0.077,9.232,5,2.5,-29.0,-16.188
8921.74184,3,0.077,0.0,9.27,5,2.625,-29.625,-14.438
8921.76183,3,0.115,0.038,9.232,5,2.5,-30.25,-12.875
8921.78173,3,0.038,0.077,9.27,5,2.562,-31.062,-11.188
8921.80185,3,-0.038,0.077,9.232,5,2.438,-31.625,-11.25
8921.82184,3,0.153,0.153,9.155,5,2.562,-32.312,-9.688
8921.84187,3,0.077,0.23,9.232,5,2.75,-33.312,-8.688
8921.86173,3,0.038,0.077,9.194,5,2.812,-33.312,-8.562
8921.88184,3,0.077,0.153,9.155,5,2.812,-33.875,-8.562
8921.90183,3,0.077,0.115,9.194,5,2.938,-33.812,-8.938
8921.92185,3,0.077,0.077,9.232,5,2.812,-33.938,-8.938
8921.94184,3,-0.038,0.192,9.27,5,2.938,-33.625,-9.0
8921.96184,3,-0.038,0.077,9.309,5,3.062,-33.25,-9.188
8921.98183,3,-0.038,0.077,9.27,5,3.188,-32.312,-10.688
8922.00185,3,0.077,0.153,9.27,5,3.062,-31.312,-12.188
8922.02184,3,0.077,0.153,9.232,5,3.188,-30.812,-13.938
8922.04183,3,0.0,0.0,9.309,5,3.25,-29.812,-15.562
8922.06184,3,0.0,0.038,9.194,5,3.062,-29.25,-17.188
8922.08184,3,0.0,0.115,9.232,5,3.125,-28.75,-18.562
8922.10183,3,0.0,0.153,9.194,5,2.938,-28.312,-20.188
8922.12182,3,-0.038,0.153,9.232,5,2.75,-28.25,-19.938
8922.14184,3,0.038,0.038,9.27,5,2.562,-28.688,-19.562
8922.16184,3,0.115,0.038,9.232,5,2.375,-28.812,-19.125
8922.18183,3,0.077,0.115,9.27,5,2.188,-28.562,-18.75
8922.20185,3,0.192,0.115,9.232,5,1.875,-28.438,-18.938
8922.22184,3,0.115,0.077,9.27,5,1.688,-28.562,-18.938
8922.24183,3,0.038,0.23,9.27,5,1.812,-28.438,-19.188
8922.26182,3,0.038,0.268,9.232,5,2.562,-28.75,-18.438
8922.28184,3,0.077,0.115,9.27,5,2.562,-28.875,-18.438
8922.30184,3,0.038,0.077,9.27,5,2.625,-28.625,-18.688
8922.32182,3,0.038,0.038,9.232,5,2.938,-28.688,-19.125
8922.34185,3,0.038,0.077,9.27,5,2.875,-28.875,-19.438
8922.36184,3,0.077,0.038,9.232,5,3.0,-29.0,-19.375
8922.38183,3,0.038,0.038,9.232,5,3.062,-29.188,-19.375
8922.40182,3,-0.038,0.077,9.232,5,3.062,-29.125,-19.188
8922.42184,3,0.0,-0.077,9.27,5,2.312,-28.625,-19.688
8922.44171,3,0.115,0.077,9.347,5,2.438,-28.5,-19.75
8922.46172,3,0.038,0.077,9.309,5,2.312,-28.375,-20.125
8922.48173,3,-0.077,0.077,9.27,5,2.312,-28.688,-20.125
8922.50172,3,0.038,0.0,9.309,5,2.062,-29.125,-20.062
8922.52171,3,-0.077,0.115,9.194,5,2.25,-29.625,-20.0
8922.54173,3,-0.077,0.077,9.309,5,2.25,-29.875,-19.562
8922.56172,3,0.038,0.115,9.309,5,1.812,-30.562,-19.438
8922.58172,3,0.115,0.077,9.194,5,1.562,-31.312,-19.375
8922.6017,3,0.153,0.192,9.232,5,1.625,-31.5,-19.188
8922.62172,3,0.0,0.115,9.309,5,1.562,-32.062,-18.812
8922.64184,3,-0.038,0.077,9.27,5,1.875,-32.375,-18.5
8922.6617,3,0.0,0.115,9.347,5,1.75,-32.5,-18.25
8922.68172,3,-0.115,0.077,9.232,5,1.875,-32.188,-18.125
8922.70171,3,-0.077,0.115,9.194,5,1.938,-31.875,-18.188
8922.72171,3,-0.077,0.153,9.232,5,2.562,-31.688,-18.125
8922.7417,3,0.077,0.115,9.232,5,2.625,-32.188,-17.75
8922.76172,3,0.115,0.038,9.347,5,2.375,-32.375,-17.688
8922.78184,3,0.077,0.038,9.232,5,2.375,-32.062,-17.688
8922.80183,3,0.038,0.115,9.347,5,2.0,-31.562,-18.0
8922.82187,3,0.038,0.077,9.309,5,2.438,-31.0,-18.188
8922.84171,3,0.038,0.153,9.347,5,2.188,-30.812,-17.875
8922.86171,3,0.038,0.038,9.232,5,2.312,-30.5,-18.062
8922.88183,3,0.0,0.115,9.309,5,2.0,-29.875,-18.188
8922.90184,3,0.038,0.0,9.27,5,2.188,-29.0,-18.625
8922.92183,3,0.077,0.038,9.347,5,2.312,-28.875,-18.875
8922.9417,3,-0.038,0.0,9.27,5,2.188,-28.625,-19.125
8922.96173,3,0.077,0.077,9.232,5,2.375,-28.75,-19.188
8922.98173,3,0.038,0.077,9.309,5,2.188,-28.938,-19.25
8923.00184,3,0.077,0.077,9.347,5,2.188,-29.0,-19.625
8923.02182,3,0.0,0.077,9.309,5,1.938,-29.188,-19.875
8923.04185,3,-0.077,0.153,9.232,5,1.938,-29.312,-20.0
8923.06171,3,-0.115,0.153,9.27,5,2.062,-29.188,-20.125
8923.08183,3,-0.077,0.153,9.232,5,2.062,-28.812,-20.0
8923.10184,3,-0.038,0.077,9.194,5,2.188,-28.812,-19.812
8923.12189,3,0.153,0.038,9.194,5,2.188,-28.812,-19.5
8923.14172,3,0.038,0.038,9.232,5,2.188,-28.625,-19.5
8923.16195,3,0.115,0.0,9.232,5,2.5,-28.688,-19.5
8923.18193,3,0.0,0.077,9.385,5,2.75,-28.5,-19.438
8923.20192,3,-0.077,0.077,9.27,5,2.938,-28.812,-19.0
8923.22192,3,-0.038,0.153,9.194,5,3.5,-29.0,-18.625
8923.24195,3,0.0,0.153,9.347,5,3.688,-29.812,-17.312
8923.26191,3,0.0,0.077,9.27,5,3.625,-30.562,-15.75
8923.28191,3,0.0,0.0,9.232,5,3.625,-30.938,-14.625
8923.30194,3,0.038,0.153,9.041,5,3.562,-31.438,-13.125
8923.32193,3,0.077,0.192,9.27,5,3.562,-31.125,-13.062
8923.34173,3,0.077,0.077,9.232,5,3.375,-31.312,-13.125
8923.36191,3,0.077,0.115,9.194,5,3.25,-31.125,-13.438
8923.38194,3,-0.038,0.153,9.194,5,2.875,-30.562,-13.875
8923.40193,3,0.077,0.0,9.232,5,2.75,-30.062,-15.188
8923.42192,3,0.038,0.038,9.27,5,2.75,-29.562,-16.938
8923.44195,3,0.0,0.077,9.232,5,2.5,-29.062,-18.438
8923.46192,3,0.038,0.153,9.309,5,2.688,-28.438,-20.125
8923.48192,3,-0.077,0.153,9.194,5,2.625,-28.625,-20.188
8923.50191,3,-0.038,0.077,9.27,5,2.688,-28.562,-20.188
8923.52194,3,-0.038,0.0,9.232,5,2.688,-28.438,-20.312
8923.54173,3,-0.038,0.077,9.232,5,2.375,-28.75,-20.062
8923.56193,3,-0.038,0.115,9.232,5,3.125,-28.812,-19.125
8923.58195,3,0.115,0.115,9.232,5,3.312,-29.062,-17.562
8923.60193,3,0.077,0.0,9.27,5,3.25,-29.625,-15.812
8923.62193,3,0.115,0.115,9.309,5,3.375,-29.688,-15.688
8923.64192,3,0.038,0.038,9.27,5,3.25,-29.5,-15.875
8923.66193,3,0.0,0.038,9.309,5,3.438,-29.688,-15.812
8923.68193,3,0.038,0.0,9.347,5,2.812,-30.062,-15.25
8923.70192,3,0.115,0.038,9.27,5,2.938,-29.812,-15.812
8923.72194,3,0.077,0.077,9.232,5,2.375,-29.375,-17.0
8923.74193,3,0.038,0.153,9.194,5,2.062,-29.188,-18.375
8923.76179,3,0.038,0.192,9.309,5,2.312,-28.562,-20.188
8923.78196,3,0.0,0.153,9.232,5,2.188,-28.562,-20.062
8923.80193,3,-0.038,0.077,9.27,5,2.188,-28.812,-19.875
8923.82174,3,0.038,0.077,9.309,5,2.0,-28.625,-20.0
8923.8417,3,0.038,0.038,9.27,5,2.5,-28.312,-20.5
8923.86172,3,0.153,0.115,9.155,5,2.5,-28.438,-20.0
8923.88172,3,0.115,0.077,9.194,5,2.5,-28.875,-19.75
8923.90183,3,0.077,0.038,9.194,5,2.688,-28.75,-19.938
8923.92173,3,0.0,0.0,9.155,5,2.562,-28.875,-19.562
8923.94184,3,0.038,0.077,9.232,5,2.25,-29.125,-19.625
8923.96171,3,0.077,0.0,9.27,5,2.25,-29.125,-19.625
8923.98183,3,0.115,0.077,9.385,5,2.375,-29.125,-19.562
8924.0019,3,0.038,0.038,9.232,5,2.375,-28.812,-19.438
8924.02199,3,0.038,0.077,9.194,5,2.375,-28.812,-19.5
8924.04192,3,0.0,0.115,9.309,5,2.312,-28.625,-19.688
8924.06194,3,0.115,0.153,9.232,5,2.438,-28.625,-19.875
8924.08192,3,0.115,0.115,9.232,5,2.312,-28.562,-19.938
8924.10192,3,0.038,0.115,9.194,5,2.438,-28.375,-20.125
8924.12196,3,0.115,0.038,9.155,5,2.562,-28.25,-20.062
8924.14194,3,0.077,0.077,9.232,5,2.438,-28.625,-19.875
8924.16193,3,0.0,0.077,9.232,5,2.375,-28.875,-20.0
8924.18192,3,0.0,0.153,9.232,5,2.375,-28.688,-20.062
8924.20174,3,0.0,0.115,9.27,5,2.438,-28.438,-20.0
8924.22194,3,0.0,0.153,9.27,5,2.188,-28.312,-19.562
8924.24193,3,0.077,0.192,9.232,5,2.562,-28.062,-19.375
8924.26191,3,0.115,0.115,9.27,5,2.562,-28.0,-19.375
8924.28174,3,0.115,0.153,9.27,5,2.312,-28.188,-19.5
8924.30193,3,0.115,0.077,9.232,5,2.25,-28.0,-19.688
8924.32261,3,-0.077,0.038,9.309,5,2.125,-27.875,-19.75
8924.34195,3,-0.077,0.077,9.194,5,2.438,-28.188,-19.688
8924.36175,3,0.038,-0.038,9.27,5,2.625,-28.688,-19.312
8924.38193,3,0.038,-0.038,9.232,5,2.688,-28.688,-19.688
8924.40174,3,0.115,0.0,9.27,5,2.625,-28.75,-20.062
8924.42194,3,0.077,0.192,9.232,5,2.812,-29.062,-20.0
8924.44173,3,0.038,0.153,8.657,5,3.125,-28.75,-19.938
8924.46191,3,0.115,0.077,9.194,5,3.312,-28.625,-19.875
8924.48175,3,0.038,0.038,9.232,5,3.312,-28.625,-19.875
8924.50193,3,0.038,0.077,9.27,5,2.938,-28.562,-20.062
8924.52192,3,0.0,-0.038,9.232,5,3.062,-28.188,-20.25
8924.54174,3,-0.077,0.077,9.232,5,3.125,-28.25,-20.062
8924.56194,3,-0.115,0.192,9.194,5,3.062,-28.312,-19.938
8924.58185,3,0.0,0.115,9.309,5,3.062,-28.062,-19.812
8924.60171,3,-0.077,0.115,9.232,5,2.938,-28.062,-19.875
8924.62194,3,0.077,0.115,9.27,5,2.562,-28.125,-19.062
8924.64172,3,0.0,0.077,9.309,5,2.562,-28.188,-19.062
8924.66191,3,0.038,0.077,9.27,5,2.562,-28.125,-19.125
8924.68194,3,0.038,0.153,9.232,5,2.25,-28.312,-19.125
8924.70184,3,0.0,0.115,9.309,5,2.125,-28.625,-19.312
8924.72183,3,-0.153,0.077,9.232,5,1.875,-28.562,-19.375
8924.74182,3,-0.077,0.038,9.27,5,1.812,-28.562,-19.438
8924.76185,3,0.077,0.077,9.27,5,1.812,-28.438,-19.438
8924.78184,3,0.038,0.115,9.27,5,2.0,-28.25,-20.188
8924.8017,3,0.0,0.038,9.27,5,2.438,-28.438,-20.0
8924.82174,3,0.0,0.0,9.347,5,2.688,-28.688,-19.875
8924.84171,3,0.038,0.192,9.232,5,3.125,-28.438,-19.75
8924.86171,3,0.038,0.115,9.232,5,3.0,-28.438,-19.438
8924.88182,3,0.0,0.153,9.194,5,3.25,-28.625,-19.375
8924.90185,3,0.0,0.153,9.232,5,3.438,-28.625,-19.375
8924.92184,3,0.0,0.077,9.309,5,3.438,-28.875,-19.125
8924.9419,3,0.077,0.077,9.27,5,3.5,-29.062,-19.312
8924.96185,3,0.153,0.038,9.194,5,3.188,-28.875,-19.438
8924.98172,3,0.115,0.077,9.194,5,3.188,-28.875,-19.438
8925.00184,3,-0.038,0.077,9.232,5,2.812,-28.875,-19.625
8925.02195,3,0.077,0.115,9.232,5,2.688,-28.688,-19.625
8925.04194,3,0.038,0.077,9.27,5,2.812,-28.75,-19.75
8925.06192,3,0.038,0.153,9.27,5,2.5,-29.125,-19.625
8925.08191,3,0.077,0.153,9.309,5,2.562,-29.438,-19.438
8925.10193,3,0.038,0.038,9.232,5,2.812,-29.188,-19.562
8925.12193,3,0.077,0.077,9.232,5,2.875,-29.188,-19.562
8925.14192,3,0.0,0.038,9.194,5,2.562,-29.0,-19.75
8925.16195,3,-0.115,0.153,9.194,5,2.875,-28.875,-19.812
8925.18193,3,0.0,0.192,9.232,5,3.0,-28.938,-19.812
8925.20192,3,0.115,0.077,9.232,5,2.875,-29.0,-19.562
8925.22192,3,0.0,0.077,9.232,5,3.125,-28.75,-19.938
8925.24194,3,-0.115,0.115,9.27,5,3.0,-28.312,-20.25
8925.26192,3,-0.077,0.153,9.27,5,2.938,-28.438,-20.375
8925.28192,3,0.038,0.115,9.232,5,2.875,-27.938,-20.25
8925.30194,3,0.153,0.192,9.155,5,3.25,-28.0,-20.0
8925.32193,3,0.077,0.115,9.194,5,3.0,-28.312,-19.938
8925.34193,3,0.077,0.115,9.232,5,3.125,-28.312,-20.062
8925.36192,3,-0.077,0.115,9.309,5,3.25,-28.188,-20.25
8925.38193,3,0.077,0.115,9.27,5,3.438,-28.0,-20.125
8925.40193,3,0.038,-0.038,9.309,5,3.375,-28.0,-20.0
8925.42193,3,-0.038,0.077,9.347,5,3.125,-28.125,-19.688
8925.44195,3,-0.038,0.115,9.309,5,3.125,-28.75,-19.875
8925.46192,3,0.077,0.115,9.27,5,2.938,-28.438,-19.875
8925.48193,3,0.038,0.115,9.155,5,2.938,-28.25,-19.938
8925.50191,3,0.115,0.153,9.232,5,2.938,-28.125,-20.0
8925.52193,3,0.115,0.115,9.385,5,2.75,-27.812,-19.875
8925.54194,3,0.115,0.115,9.309,5,2.438,-28.062,-19.75
8925.56193,3,0.0,0.038,9.27,5,2.5,-28.688,-18.625
8925.58194,3,-0.077,0.077,9.309,5,2.812,-28.438,-18.688
8925.60193,3,-0.115,0.115,9.27,5,3.25,-28.0,-18.375
8925.62192,3,-0.038,0.077,9.232,5,3.125,-28.188,-18.625
8925.64192,3,-0.038,0.115,9.27,5,3.125,-28.188,-18.5
8925.66193,3,0.153,-0.038,9.232,5,3.125,-28.0,-18.312
8925.68193,3,0.077,0.115,9.194,5,3.125,-28.188,-18.5
8925.70191,3,0.038,0.115,9.27,5,3.125,-28.125,-18.688
8925.72195,3,0.0,0.192,9.194,5,3.0,-27.375,-20.0
8925.74193,3,0.0,0.192,9.347,5,2.812,-27.188,-20.062
8925.76173,3,-0.077,0.192,9.27,5,2.375,-27.438,-20.438
8925.78174,3,-0.038,0.153,9.232,5,2.562,-27.438,-20.125
8925.80173,3,0.038,0.038,9.309,5,2.562,-27.75,-20.0
8925.82184,3,0.115,0.153,9.309,5,2.312,-28.062,-20.062
8925.84183,3,0.077,0.0,9.232,5,2.75,-28.062,-19.938
8925.86184,3,-0.077,0.192,9.232,5,2.75,-28.062,-19.812
8925.88183,3,-0.038,0.192,9.232,5,2.938,-28.5,-19.5
8925.9017,3,-0.077,0.077,9.309,5,3.0,-28.875,-19.312
8925.92172,3,0.115,0.115,9.232,5,2.875,-28.875,-19.438
8925.94193,3,0.0,0.077,9.232,5,2.625,-28.875,-19.625
8925.96193,3,0.038,0.077,9.385,5,2.625,-28.562,-19.875
8925.98194,3,0.077,0.077,9.232,5,2.75,-28.25,-19.75
8926.00178,3,0.0,0.038,9.232,5,2.25,-28.25,-20.0
8926.02194,3,0.115,0.115,9.27,5,2.312,-28.25,-19.875
8926.04192,3,0.115,0.0,9.27,5,2.312,-28.375,-20.188
8926.06193,3,0.0,0.077,9.232,5,2.25,-28.188,-20.375
8926.082,3,0.0,0.077,9.232,5,2.25,-28.188,-20.188
8926.10183,3,0.0,0.115,9.194,5,2.625,-28.25,-20.062
8926.12182,3,0.153,0.077,9.27,5,2.75,-28.25,-19.938
8926.14184,3,-0.038,0.038,9.27,5,2.75,-28.375,-20.188
8926.16183,3,0.038,0.153,9.232,5,3.062,-28.25,-20.125
8926.18182,3,-0.077,0.115,9.232,5,3.125,-28.438,-20.125
8926.20185,3,0.038,0.115,9.232,5,3.188,-28.125,-19.812
8926.22172,3,0.038,0.153,9.27,5,3.062,-28.438,-19.812
8926.24183,3,0.077,0.077,9.27,5,3.125,-28.562,-19.688
8926.26169,3,0.038,0.153,9.194,5,2.938,-28.25,-19.438
8926.28185,3,0.038,0.0,9.232,5,2.938,-28.5,-19.312
8926.30183,3,0.0,0.077,9.194,5,2.938,-28.5,-19.375
8926.32182,3,0.0,0.077,9.309,5,2.812,-28.625,-19.25
8926.34185,3,-0.038,0.115,9.27,5,2.75,-28.375,-19.125
8926.36184,3,0.077,0.192,9.232,5,2.625,-28.312,-19.438
8926.38183,3,0.0,0.192,9.155,5,2.625,-28.062,-19.312
8926.40185,3,0.038,0.153,9.232,5,2.688,-27.875,-19.375
8926.42184,3,0.0,0.038,9.194,5,2.75,-27.938,-19.75
8926.44183,3,0.0,0.0,9.155,5,2.562,-27.625,-19.688
8926.46182,3,0.0,0.077,9.194,5,2.438,-27.75,-19.562
8926.48184,3,-0.038,0.077,9.347,5,2.438,-27.625,-19.75
8926.50184,3,0.077,0.192,9.232,5,2.562,-27.688,-18.688
8926.52182,3,0.038,0.038,9.27,5,2.562,-28.0,-18.562
8926.54194,3,0.077,-0.038,9.232,5,2.562,-28.0,-18.562
8926.56176,3,0.192,0.077,9.232,5,2.625,-28.188,-18.688
8926.58184,3,0.0,0.077,9.27,5,2.188,-28.562,-18.5
8926.60182,3,0.038,0.038,9.232,5,2.312,-28.75,-18.75
8926.62185,3,0.038,0.115,9.27,5,2.312,-28.625,-18.75
8926.64183,3,0.0,0.115,9.232,5,2.375,-28.625,-18.438
8926.66182,3,0.0,0.077,9.232,5,2.188,-28.688,-19.5
8926.68185,3,-0.077,0.153,9.155,5,2.312,-28.688,-19.625
8926.70184,3,0.038,0.192,9.27,5,2.438,-28.625,-19.562
8926.72183,3,0.038,0.077,9.27,5,2.438,-28.375,-19.625
8926.74182,3,0.077,0.077,9.194,5,2.438,-28.188,-19.875
8926.76185,3,0.0,0.077,9.27,5,2.438,-28.062,-19.875
8926.78184,3,0.038,-0.038,9.27,5,2.5,-28.25,-20.0
8926.80183,3,0.0,0.038,9.27,5,2.312,-28.25,-20.188
8926.82185,3,0.038,0.077,9.309,5,2.438,-28.125,-20.312
8926.84174,3,0.038,0.077,9.27,5,2.562,-27.938,-20.312
8926.86171,3,-0.038,0.0,9.232,5,2.5,-28.125,-20.25
8926.88183,3,-0.077,0.115,9.27,5,2.312,-28.688,-20.125
8926.90185,3,-0.077,0.077,9.232,5,2.625,-28.688,-19.938
8926.92183,3,-0.038,0.153,9.27,5,2.562,-29.062,-20.062
8926.94182,3,0.077,0.115,9.155,5,2.688,-29.0,-20.062
8926.96185,3,-0.038,-0.038,9.232,5,3.062,-29.5,-19.75
8926.98184,3,-0.038,0.077,9.232,5,2.75,-29.812,-19.688
8927.00183,3,0.038,0.038,9.27,5,2.5,-30.062,-19.812
8927.02186,3,-0.038,0.077,9.27,5,2.438,-30.062,-20.0
8927.04184,3,0.038,0.115,9.27,5,2.562,-29.625,-19.938
8927.06177,3,0.077,0.038,9.232,5,2.25,-29.75,-19.812
8927.08182,3,0.038,0.077,9.232,5,2.125,-29.438,-19.5
8927.10173,3,0.0,0.192,9.27,5,1.938,-29.25,-19.5
8927.12193,3,-0.038,0.077,9.309,5,1.438,-28.938,-19.75
8927.14192,3,-0.038,0.038,9.27,5,1.688,-28.5,-19.938
8927.16195,3,-0.038,-0.077,9.27,5,1.812,-28.312,-19.812
8927.18193,3,-0.077,0.115,9.232,5,1.938,-28.25,-19.688
8927.20192,3,-0.038,0.115,9.232,5,2.0,-28.312,-19.688
8927.22192,3,0.153,0.0,9.27,5,2.188,-28.25,-20.0
8927.24194,3,0.077,0.115,9.385,5,2.312,-28.25,-20.438
8927.26192,3,0.0,0.115,9.27,5,2.375,-28.688,-20.438
8927.28192,3,0.115,0.153,9.27,5,2.812,-28.438,-20.25
8927.30194,3,0.038,0.192,9.194,5,2.812,-28.75,-20.125
8927.32193,3,-0.077,0.115,9.194,5,2.625,-28.438,-20.25
8927.34193,3,0.153,-0.038,9.155,5,2.625,-28.438,-20.188
8927.36192,3,0.077,0.115,9.155,5,2.75,-28.125,-20.125
8927.38194,3,0.038,0.0,9.194,5,2.625,-28.438,-19.875
8927.4019,3,0.077,0.153,9.232,5,2.375,-28.5,-19.625
8927.42192,3,-0.038,0.077,9.309,5,2.5,-28.375,-19.875
8927.44194,3,-0.077,0.115,9.27,5,3.125,-28.688,-19.375
8927.46193,3,-0.077,0.115,9.232,5,3.125,-28.562,-19.438
8927.48193,3,0.0,0.192,9.232,5,3.188,-28.875,-19.375
8927.50192,3,0.077,0.153,9.232,5,3.188,-28.75,-19.5
8927.52194,3,0.153,0.077,9.27,5,3.125,-28.75,-19.688
8927.54193,3,0.077,0.115,9.194,5,3.312,-28.562,-19.688
8927.56192,3,0.0,0.077,9.155,5,3.625,-28.625,-19.688
8927.58179,3,-0.038,0.115,9.27,5,3.438,-28.562,-19.312
8927.60174,3,0.115,0.153,9.309,5,2.875,-28.062,-19.875
8927.62172,3,0.115,0.115,9.27,5,3.062,-28.0,-19.812
8927.64174,3,0.115,0.038,9.194,5,2.75,-28.125,-19.812
8927.66172,3,0.038,0.077,9.27,5,2.938,-28.375,-19.75
8927.68172,3,0.0,0.077,9.232,5,2.812,-28.438,-19.562
8927.70183,3,0.038,0.115,9.155,5,2.625,-28.562,-19.688
8927.72185,3,0.077,0.115,9.155,5,2.438,-28.375,-19.625
8927.74184,3,0.115,0.077,9.194,5,2.625,-28.125,-19.75
8927.76183,3,0.038,0.077,9.232,5,2.438,-28.5,-19.812
8927.78185,3,0.0,0.115,9.194,5,2.312,-28.375,-19.812
8927.80191,3,0.115,0.115,9.309,5,2.562,-28.25,-19.812
8927.82183,3,0.077,-0.077,9.232,5,2.438,-27.938,-19.938
8927.84182,3,0.077,0.575,9.27,5,2.438,-27.938,-20.188
8927.86184,3,-0.038,0.115,9.27,5,2.75,-27.625,-20.25
8927.88183,3,0.0,0.077,9.309,5,2.875,-27.688,-20.625
8927.90182,3,0.115,0.038,9.347,5,2.875,-27.938,-20.375
8927.92185,3,0.077,0.038,9.194,5,2.625,-28.375,-20.25
8927.94184,3,-0.077,0.153,9.079,5,2.562,-29.062,-18.688
8927.96259,3,-0.038,0.192,9.117,5,2.562,-29.375,-17.062
8927.98183,3,-0.038,0.038,9.309,5,2.375,-30.312,-15.438
8928.00184,3,0.038,0.077,9.27,5,2.25,-31.188,-13.688
8928.02192,3,-0.038,0.077,9.385,5,2.0,-31.812,-12.0
8928.04192,3,-0.038,0.0,9.232,5,1.25,-32.5,-11.25
8928.06192,3,0.038,0.153,9.347,5,1.25,-32.312,-11.562
8928.08193,3,0.0,0.115,9.347,5,1.562,-31.938,-11.5
8928.10172,3,0.0,0.077,9.347,5,1.5,-31.438,-13.188
8928.12191,3,-0.077,0.0,9.232,5,1.312,-31.125,-14.812
8928.14173,3,0.0,0.0,9.309,5,1.312,-30.312,-16.312
8928.16193,3,0.038,0.0,9.385,5,1.438,-29.688,-17.875
8928.18172,3,0.077,0.077,9.27,5,1.562,-29.188,-19.438
8928.20194,3,0.115,0.077,9.309,5,2.125,-28.5,-20.062
8928.22174,3,0.115,0.153,9.232,5,2.0,-28.688,-20.0
8928.24192,3,0.038,0.115,9.232,5,2.125,-28.375,-20.188
8928.2617,3,0.115,0.192,9.194,5,2.125,-28.375,-19.812
8928.28193,3,0.115,0.115,9.155,5,2.312,-28.312,-19.688
8928.30173,3,0.115,0.077,9.27,5,2.312,-28.188,-19.688
8928.32192,3,0.077,0.0,9.385,5,2.438,-27.875,-19.812
8928.34174,3,0.038,0.077,9.232,5,2.375,-27.75,-19.938
8928.36193,3,0.038,0.192,9.232,5,2.562,-27.75,-19.812
8928.38172,3,0.038,0.077,9.309,5,3.25,-28.062,-19.0
8928.40194,3,0.115,0.077,9.27,5,2.938,-28.25,-19.25
8928.42174,3,0.038,0.038,9.232,5,2.938,-28.25,-19.562
8928.44193,3,0.038,0.0,9.194,5,3.25,-28.25,-19.562
8928.46171,3,0.0,0.077,9.155,5,3.562,-28.312,-19.688
8928.48193,3,0.115,0.077,9.117,5,3.438,-28.75,-19.625
8928.50173,3,0.038,0.153,9.27,5,3.5,-28.75,-19.562
8928.52192,3,0.077,0.038,9.27,5,3.625,-28.562,-19.438
8928.54174,3,-0.038,0.153,9.27,5,2.688,-28.438,-20.062
8928.56194,3,-0.077,0.153,9.194,5,2.812,-28.312,-19.938
8928.58173,3,-0.038,0.192,9.194,5,2.625,-28.438,-20.062
8928.60191,3,0.077,0.038,9.232,5,2.188,-28.562,-20.062
8928.62174,3,0.077,-0.077,9.194,5,2.0,-28.875,-20.312
8928.64192,3,0.153,0.0,9.232,5,1.875,-28.812,-20.062
8928.66173,3,0.038,0.077,9.155,5,1.875,-28.812,-20.25
8928.68195,3,-0.038,0.115,9.155,5,1.938,-29.062,-20.438
8928.70173,3,0.038,0.077,9.232,5,2.188,-29.062,-20.562
8928.72192,3,0.038,0.077,9.309,5,2.25,-29.062,-20.562
8928.74172,3,-0.077,0.192,9.27,5,2.5,-28.75,-20.625
8928.76193,3,0.0,0.077,9.155,5,2.688,-28.625,-20.562
8928.78173,3,0.0,0.115,9.232,5,2.625,-28.312,-20.312
8928.8019,3,0.038,0.077,9.194,5,2.812,-28.312,-20.5
8928.82175,3,-0.038,0.115,9.309,5,2.938,-28.438,-20.125
8928.84192,3,-0.077,0.192,9.232,5,2.938,-28.125,-20.0
8928.86172,3,0.077,0.077,9.194,5,2.375,-28.688,-19.688
8928.88187,3,0.115,0.153,9.194,5,2.375,-28.938,-19.562
8928.90174,3,0.0,0.115,9.27,5,2.438,-29.375,-19.375
8928.92189,3,0.0,0.115,9.309,5,2.438,-29.438,-19.375
8928.94178,3,0.038,0.077,9.232,5,2.562,-29.562,-19.438
8928.96191,3,0.038,0.115,9.27,5,2.375,-29.25,-19.375
8928.98173,3,0.038,0.268,9.27,5,2.125,-29.375,-19.688
8929.00172,3,0.038,0.192,9.232,5,1.75,-29.5,-19.562
8929.02176,3,0.077,0.077,9.232,5,2.188,-28.688,-19.812
8929.04193,3,-0.038,0.115,9.27,5,2.0,-28.75,-19.562
8929.06172,3,-0.077,0.038,9.232,5,2.0,-28.188,-19.625
8929.08191,3,0.0,0.115,9.232,5,2.125,-27.688,-19.375
8929.10194,3,-0.115,0.153,9.232,5,2.25,-27.562,-19.562
8929.12193,3,0.0,0.153,9.232,5,2.25,-27.562,-19.625
8929.14192,3,0.038,0.077,9.194,5,2.375,-27.25,-19.562
8929.16195,3,-0.038,0.153,9.232,5,2.688,-27.312,-19.812
8929.18193,3,0.0,0.153,9.232,5,2.875,-27.312,-19.875
8929.20172,3,-0.038,0.077,9.194,5,2.875,-27.25,-20.188
8929.22192,3,0.077,0.077,9.232,5,3.188,-27.438,-20.312
8929.24194,3,-0.038,0.038,9.232,5,3.125,-28.0,-20.562
8929.26192,3,0.0,0.115,9.194,5,3.062,-27.875,-20.312
8929.28191,3,0.0,0.077,9.232,5,3.062,-28.125,-20.312
8929.30194,3,0.038,0.115,9.27,5,2.812,-28.312,-20.375
8929.32193,3,0.0,0.115,9.232,5,2.938,-28.562,-19.875
8929.34192,3,0.0,0.153,9.27,5,2.75,-28.375,-19.938
8929.36193,3,0.0,0.077,9.194,5,2.875,-28.25,-20.0
8929.38194,3,0.038,0.0,9.309,5,2.5,-28.375,-19.812
8929.40193,3,0.0,0.077,9.194,5,2.562,-28.25,-19.688
8929.42192,3,-0.115,0.038,9.232,5,2.438,-28.25,-19.812
8929.44193,3,-0.038,0.192,9.232,5,2.5,-28.25,-19.688
8929.46192,3,0.038,0.038,9.232,5,2.812,-28.125,-19.75
8929.48193,3,0.038,0.192,9.194,5,2.438,-27.938,-20.125
8929.50192,3,0.038,0.153,9.309,5,2.75,-28.375,-19.875
8929.52194,3,-0.038,0.077,9.232,5,2.75,-28.125,-19.875
8929.54173,3,0.0,0.23,9.194,5,2.438,-27.938,-19.875
8929.56172,3,-0.038,0.077,9.27,5,2.562,-28.125,-20.062
8929.58194,3,-0.038,0.077,9.232,5,2.812,-28.438,-20.062
8929.60175,3,-0.038,0.192,9.27,5,2.75,-28.25,-20.25
8929.62174,3,0.038,0.0,9.232,5,2.438,-28.438,-19.938
8929.64176,3,0.115,0.0,9.27,5,2.688,-28.812,-18.875
8929.66172,3,0.077,0.115,9.155,5,2.375,-29.312,-17.688
8929.68191,3,-0.077,0.115,9.27,5,2.5,-30.125,-16.25
8929.7019,3,-0.038,0.038,9.27,5,2.938,-30.25,-16.188
8929.72192,3,-0.077,0.077,9.309,5,2.688,-30.875,-14.75
8929.74191,3,-0.077,0.0,9.232,5,2.312,-31.25,-13.375
8929.7619,3,-0.153,0.077,9.27,5,2.312,-31.875,-11.75
8929.78192,3,-0.153,0.153,9.27,5,2.5,-32.188,-10.438
8929.80193,3,0.038,0.115,9.232,5,2.5,-32.5,-10.25
8929.82191,3,0.0,0.192,9.27,5,2.812,-32.375,-10.312
8929.84174,3,0.038,0.115,9.155,5,2.562,-32.375,-10.5
8929.86174,3,0.077,0.0,9.232,5,2.562,-33.0,-9.188
8929.88185,3,-0.038,0.0,9.347,5,2.438,-32.875,-9.375
8929.90183,3,-0.038,0.038,9.309,5,2.688,-32.938,-9.375
8929.92185,3,0.038,0.038,9.194,5,2.875,-32.938,-9.562
8929.94184,3,0.038,0.077,9.194,5,2.625,-33.25,-9.812
8929.96184,3,0.115,0.115,9.232,5,2.75,-32.938,-9.625
8929.98183,3,0.0,0.038,9.194,5,2.438,-32.875,-9.688
8930.00185,3,0.0,0.0,9.27,5,2.438,-32.875,-9.688
8930.02185,3,0.077,0.153,9.27,5,2.25,-32.875,-9.688
8930.04183,3,0.0,0.077,9.194,5,2.375,-32.75,-9.375
8930.06185,3,-0.038,0.077,9.232,5,2.25,-32.75,-9.312
8930.08184,3,0.038,0.077,9.27,5,2.25,-33.125,-9.375
8930.10183,3,0.0,0.115,9.194,5,2.562,-32.75,-9.125
8930.12182,3,-0.038,0.115,9.194,5,2.062,-32.812,-9.062
8930.14184,3,0.115,-0.038,9.194,5,2.25,-32.938,-9.0
8930.16184,3,0.038,0.077,9.194,5,2.438,-32.938,-8.562
8930.18182,3,0.038,0.038,9.194,5,2.25,-32.812,-8.438
8930.2019,3,-0.038,0.115,9.27,5,1.562,-32.375,-9.375
8930.22194,3,0.115,0.077,9.232,5,1.688,-32.062,-9.312
8930.24193,3,0.115,0.115,9.155,5,1.5,-31.875,-9.312
8930.26192,3,0.077,0.0,9.232,5,1.188,-32.188,-9.688
8930.28194,3,0.077,0.153,9.232,5,1.5,-32.25,-9.625
8930.30193,3,-0.038,0.0,9.232,5,1.5,-32.062,-9.688
8930.32191,3,-0.038,0.077,9.27,5,1.375,-31.812,-10.0
8930.34194,3,0.0,0.115,9.232,5,1.688,-31.812,-10.0
8930.36193,3,0.038,0.038,9.194,5,2.188,-32.375,-9.188
8930.38192,3,0.0,0.115,9.194,5,1.938,-32.625,-9.812
8930.40195,3,0.038,0.038,9.385,5,2.125,-32.625,-9.812
8930.42194,3,0.038,0.038,9.309,5,2.25,-32.562,-9.688
8930.44193,3,-0.038,0.192,9.232,5,2.375,-32.312,-9.875
8930.46191,3,0.115,0.077,9.155,5,2.375,-32.312,-9.875
8930.48194,3,-0.038,0.115,9.194,5,2.25,-32.438,-9.812
8930.50193,3,-0.077,0.077,9.194,5,2.188,-32.312,-10.188
8930.52193,3,-0.115,0.153,9.232,5,2.25,-32.312,-10.375
8930.54195,3,0.038,0.153,9.232,5,2.5,-32.188,-9.938
8930.56194,3,0.0,0.115,9.232,5,2.375,-32.125,-9.938
8930.58193,3,-0.038,0.038,9.232,5,2.375,-32.0,-10.062
8930.60192,3,0.0,0.115,9.27,5,2.188,-32.438,-9.75
8930.62194,3,-0.077,0.077,9.347,5,1.938,-32.375,-9.562
8930.64195,3,0.0,0.038,9.309,5,2.062,-32.375,-9.375
8930.66191,3,0.0,0.0,9.27,5,2.062,-32.5,-9.125
8930.68194,3,0.0,-0.038,9.309,5,2.25,-32.312,-8.812
8930.70193,3,0.077,0.038,9.194,5,2.375,-32.375,-8.688
8930.72193,3,0.038,0.038,9.232,5,2.312,-32.312,-8.5
8930.74192,3,-0.038,0.0,9.27,5,2.312,-32.312,-8.312
8930.76195,3,0.0,0.077,9.232,5,2.688,-32.25,-8.562
8930.78193,3,0.077,0.0,9.194,5,2.875,-32.438,-8.812
8930.80183,3,-0.077,0.077,9.155,5,2.875,-32.25,-9.062
8930.82185,3,-0.038,0.077,9.194,5,2.812,-32.375,-9.0
8930.84185,3,0.077,0.0,9.194,5,2.812,-32.438,-9.188
8930.86183,3,0.0,-0.038,9.27,5,2.812,-32.375,-9.125
8930.88173,3,0.153,0.038,9.232,5,2.875,-32.625,-9.438
8930.90186,3,0.0,0.077,9.232,5,3.062,-32.812,-9.562
8930.92184,3,0.0,0.0,9.309,5,2.875,-32.5,-9.375
8930.94182,3,-0.038,0.038,9.232,5,2.875,-32.438,-9.125
8930.96172,3,0.038,0.038,9.232,5,2.75,-32.625,-9.25
8930.9819,3,0.077,0.038,9.232,5,2.75,-32.562,-9.5
